51.8373,281.62
51.8724,512.236
51.9076,603.437
51.9427,793.139
51.9779,1091.68
52.013,1323.33
52.0482,1473.31
52.0833,1497.76
52.1185,1414.27
52.1536,868.189
52.1888,1029.66
52.2239,1094.39
52.2591,1091.53
52.2943,1050.4
52.3294,985.583
52.3646,906.194
52.3997,823.518
52.4349,745.958
52.47,680.245
52.5051,646.98
52.5403,631.279
52.5755,617.518
52.6106,605.237
52.6458,595.318
52.6809,587.732
52.7161,581.894
52.7512,577.1
52.7864,572.759
52.8215,567.748
52.8567,562.51
52.8918,557.262
52.927,552.18
52.9621,547.192
52.9973,540.183
53.0324,521.686
53.0676,504.024
53.1027,487.44
53.1379,472.033
53.173,457.849
53.2082,444.827
53.2433,432.862
53.2785,421.851
53.3136,411.725
53.3488,402.707
53.3839,393.745
53.4191,385.109
53.4542,376.927
53.4894,369.192
53.5245,361.939
53.5597,355.107
53.5948,348.676
53.63,342.643
53.6651,336.958
53.7003,331.634
53.7354,326.649
53.7706,321.965
53.8057,317.56
53.8409,313.381
53.876,309.421
53.9112,305.651
53.9463,302.058
53.9815,298.632
54.0166,295.358
54.0518,292.222
54.0869,289.215
54.1221,286.332
54.1572,283.566
54.1924,280.909
54.2275,278.358
54.2627,275.902
54.2978,273.54
54.333,271.269
54.3681,269.083
54.4033,266.976
54.4384,264.944
54.4736,262.982
54.5087,261.089
54.5439,259.259
54.579,257.492
54.6142,255.783
54.6493,254.131
54.6845,252.53
54.7196,250.979
54.7548,249.475
54.7899,248.017
54.8251,246.602
54.8602,245.23
54.8954,243.896
54.9305,242.601
54.9657,241.341
55.0008,240.115
55.036,238.921
55.0711,237.758
55.1063,236.625
55.1414,235.521
55.1766,234.445
55.2117,233.395
55.2469,232.37
55.282,231.37
55.3172,230.393
55.3523,229.438
55.3875,228.504
55.4226,227.592
55.4578,226.7
55.4929,225.827
55.5281,224.973
55.5632,224.138
55.5984,223.32
55.6335,222.519
55.6687,221.733
55.7038,220.963
55.739,220.208
55.7741,219.467
55.8093,218.741
55.8444,218.029
55.8796,217.33
55.9147,216.643
55.9499,215.969
55.985,215.307
56.0202,214.657
56.0553,214.017
56.0905,213.389
56.1256,212.771
56.1608,212.163
56.1959,211.565
56.2311,210.977
56.2662,210.398
56.3014,209.828
56.3365,209.268
56.3717,208.716
56.4068,208.172
56.442,207.637
56.4771,207.11
56.5123,206.59
56.5474,206.079
56.5826,205.574
56.6177,205.076
56.6529,204.586
56.688,204.102
56.7232,203.624
56.7583,203.153
56.7935,202.688
56.8286,202.229
56.8638,201.776
56.8989,201.329
56.9341,200.887
56.9692,200.45
57.0044,200.019
57.0395,199.592
57.0747,199.17
57.1098,198.753
57.145,198.341
57.1801,197.934
57.2153,197.531
57.2504,197.133
57.2856,196.739
57.3207,196.349
57.3559,195.963
57.391,195.581
57.4262,195.204
57.4613,194.83
57.4965,194.46
57.5316,194.094
57.5668,193.731
57.6019,193.372
57.6371,193.016
57.6722,192.664
57.7074,192.315
57.7425,191.97
57.7777,191.627
57.8128,191.288
57.848,190.952
57.8831,190.618
57.9183,190.288
57.9534,189.96
57.9886,189.635
58.0238,189.313
58.0589,188.993
58.0941,188.676
58.1292,188.361
58.1644,188.049
58.1995,187.739
58.2347,187.432
58.2698,187.127
58.305,186.824
58.3401,186.524
58.3753,186.226
58.4104,185.931
58.4456,185.637
58.4807,185.346
58.5159,185.057
58.551,184.771
58.5862,184.486
58.6213,184.204
58.6565,183.925
58.6916,183.647
58.7268,183.373
58.7619,183.1
58.7971,182.83
58.8322,182.563
58.8674,182.298
58.9025,182.036
58.9377,181.777
58.9728,181.52
59.008,181.267
59.0431,181.017
59.0783,180.77
59.1134,180.527
59.1486,180.288
59.1837,180.054
59.2189,179.825
59.254,179.601
59.2892,179.383
59.3243,179.172
59.3595,178.968
59.3946,178.772
59.4298,178.585
59.4649,178.408
59.5001,178.242
59.5352,178.087
59.5704,177.945
59.6055,177.817
59.6407,177.706
59.6758,177.618
59.711,177.558
59.7461,177.532
59.7813,177.544
59.8164,177.596
59.8516,177.689
59.8867,177.818
59.9219,178.007
59.957,178.265
59.9922,178.6
60.0273,179.014
60.0625,179.507
60.0976,180.076
60.1328,180.717
60.1679,181.433
60.2031,182.224
60.2382,183.062
60.2734,184.579
60.3085,186.818
60.3437,189.775
60.3788,193.396
60.414,197.503
60.4491,201.874
60.4843,206.171
60.5194,210.131
60.5546,213.244
60.5897,215.599
60.6249,217.525
60.66,219.118
60.6952,220.678
60.7303,222.408
60.7655,224.672
60.8006,228.037
60.8358,232.034
60.8709,236.043
60.9061,239.701
60.9412,243.273
60.9764,247.744
61.0115,252.938
61.0467,258.581
61.0818,264.321
61.117,269.856
61.1521,274.754
61.1873,278.762
61.2224,281.29
61.2576,283.8
61.2927,286.744
61.3279,289.654
61.363,292.284
61.3982,294.508
61.4333,296.279
61.4685,297.604
61.5036,298.511
61.5388,299.064
61.5739,299.263
61.6091,299.199
61.6442,298.856
61.6794,298.269
61.7145,297.512
61.7497,296.634
61.7848,295.699
61.82,294.744
61.8551,293.775
61.8903,292.776
61.9254,291.725
61.9606,290.634
61.9957,289.508
62.0309,288.352
62.066,287.18
62.1012,285.997
62.1363,284.803
62.1715,283.593
62.2066,282.361
62.2418,281.109
62.2769,279.837
62.3121,278.549
62.3472,277.25
62.3824,275.943
62.4175,274.632
62.4527,273.318
62.4878,272.002
62.523,270.686
62.5581,269.372
62.5933,268.062
62.6284,266.761
62.6636,265.472
62.6987,264.195
62.7339,262.932
62.769,261.685
62.8042,260.455
62.8393,259.243
62.8745,258.048
62.9096,256.873
62.9448,255.719
62.9799,254.585
63.0151,253.468
63.0502,252.37
63.0854,251.29
63.1205,250.228
63.1557,249.185
63.1908,248.16
63.226,247.154
63.2611,246.167
63.2963,245.198
63.3314,244.246
63.3666,243.312
63.4017,242.396
63.4369,241.496
63.472,240.612
63.5072,239.745
63.5424,238.893
63.5775,238.057
63.6127,237.237
63.6478,236.432
63.683,235.641
63.7181,234.864
63.7533,234.102
63.7884,233.352
63.8236,232.616
63.8587,231.893
63.8939,231.182
63.929,230.483
63.9642,229.796
63.9993,229.12
64.0345,228.455
64.0696,227.801
64.1048,227.158
64.1399,226.524
64.1751,225.901
64.2102,225.288
64.2454,224.684
64.2805,224.09
64.3157,223.505
64.3508,222.929
64.386,222.362
64.4211,221.803
64.4563,221.251
64.4914,220.708
64.5266,220.173
64.5617,219.646
64.5969,219.126
64.632,218.614
64.6584,218.234
64.6847,217.857
64.7111,217.485
64.7375,217.116
64.7638,216.751
64.7902,216.389
64.8166,216.031
64.8429,215.676
64.8693,215.325
64.8956,214.977
64.922,214.632
64.9484,214.29
64.955,214.205
64.9615,214.12
64.9681,214.035
64.9747,213.951
64.9846,213.824
64.9945,213.698
65.0044,213.573
65.0143,213.448
65.0242,213.323
65.034,213.199
65.0439,213.075
65.0538,212.952
65.0637,212.829
65.0736,212.706
65.0835,212.584
65.0934,212.463
65.1032,212.341
65.1131,212.22
65.123,212.1
65.1329,211.98
65.1428,211.86
65.1527,211.741
65.1626,211.622
65.1724,211.504
65.1873,211.327
65.2021,211.151
65.2169,210.976
65.2392,210.715
65.2614,210.456
65.2837,210.199
65.3059,209.943
65.3281,209.69
65.3504,209.438
65.3726,209.188
65.3949,208.94
65.4171,208.694
65.4394,208.449
65.4616,208.206
65.4839,207.964
65.5061,207.724
65.5283,207.486
65.5506,207.249
65.5728,207.014
65.5951,206.78
65.6173,206.548
65.6396,206.318
65.6618,206.088
65.684,205.861
65.7063,205.634
65.7285,205.409
65.7508,205.186
65.773,204.964
65.7953,204.743
65.8175,204.523
65.8398,204.305
65.8731,203.981
65.9065,203.659
65.9398,203.341
65.9732,203.025
66.0066,202.712
66.0399,202.401
66.0733,202.094
66.1067,201.789
66.14,201.486
66.1734,201.186
66.2068,200.889
66.2401,200.594
66.2735,200.302
66.3069,200.012
66.3402,199.725
66.3736,199.44
66.407,199.158
66.4403,198.879
66.4737,198.603
66.5071,198.329
66.5404,198.058
66.5738,197.79
66.6072,197.525
66.6405,197.263
66.6739,197.005
66.7073,196.75
66.7406,196.498
66.774,196.251
66.8074,196.007
66.8407,195.768
66.8741,195.534
66.9074,195.304
66.9408,195.08
66.9742,194.862
67.0075,194.649
67.0409,194.443
67.0743,194.244
67.1076,194.053
67.141,193.871
67.1744,193.698
67.2077,193.535
67.2411,193.382
67.2745,193.241
67.3078,193.11
67.3412,192.991
67.3746,192.884
67.4079,192.791
67.4413,192.713
67.4747,192.651
67.508,192.605
67.5414,192.577
67.5748,192.566
67.6081,192.572
67.6415,192.594
67.6748,192.632
67.7082,192.687
67.7416,192.761
67.7749,192.859
67.8083,192.983
67.8417,193.135
67.875,193.318
67.9084,193.53
67.9418,193.77
67.9751,194.031
68.0085,194.307
68.0419,194.591
68.0752,194.883
68.1086,195.182
68.142,195.491
68.1753,195.815
68.2087,196.161
68.2421,196.535
68.2754,196.937
68.3088,197.365
68.3422,197.813
68.3755,198.281
68.4089,198.77
68.4422,199.281
68.4756,199.814
68.509,200.367
68.5423,200.939
68.5757,201.526
68.6091,202.122
68.6424,202.721
68.6758,203.321
68.7092,203.92
68.7425,204.521
68.7759,205.121
68.8093,205.719
68.8426,206.313
68.876,206.9
68.9094,207.479
68.9427,208.048
68.9761,208.604
69.0095,209.148
69.0428,209.678
69.0762,210.194
69.1096,210.695
69.1429,211.18
69.1763,211.651
69.2096,212.106
69.243,212.545
69.2764,212.97
69.3097,213.379
69.3431,213.773
69.3765,214.15
69.4098,214.51
69.4432,214.853
69.4766,215.178
69.5099,215.486
69.5433,215.776
69.5767,216.048
69.61,216.304
69.6434,216.542
69.6768,216.763
69.7101,216.966
69.7435,217.153
69.7769,217.322
69.8102,217.474
69.8436,217.61
69.877,217.73
69.9103,217.834
69.9437,217.923
69.9771,217.998
70.0104,218.059
70.0438,218.105
70.0771,218.139
70.1105,218.16
70.1439,218.168
70.1772,218.165
70.2106,218.151
70.244,218.126
70.2773,218.091
70.3107,218.046
70.3441,217.991
70.3774,217.927
70.4108,217.855
70.4442,217.774
70.4775,217.686
70.5109,217.589
70.5443,217.485
70.5776,217.375
70.611,217.257
70.6444,217.134
70.6777,217.004
70.7111,216.869
70.7445,216.728
70.7778,216.582
70.8112,216.432
70.8446,216.277
70.8779,216.117
70.9113,215.954
70.9446,215.787
70.978,215.616
71.0114,215.442
71.0447,215.265
71.0781,215.086
71.1115,214.903
71.1448,214.718
71.1782,214.531
71.2116,214.342
71.2449,214.15
71.2783,213.957
71.3117,213.762
71.345,213.565
71.3784,213.366
71.4118,213.167
71.4451,212.966
71.4785,212.763
71.5119,212.56
71.5452,212.356
71.5786,212.151
71.612,211.944
71.6453,211.738
71.6787,211.53
71.7121,211.322
71.7454,211.113
71.7788,210.904
71.8121,210.694
71.8455,210.484
71.8789,210.274
71.9122,210.063
71.9456,209.852
71.979,209.641
72.0123,209.43
72.0457,209.218
72.0791,209.007
72.1124,208.795
72.1458,208.584
72.1792,208.372
72.2125,208.161
72.2459,207.95
72.2793,207.739
72.3126,207.529
72.346,207.319
72.3794,207.109
72.4127,206.899
72.4461,206.69
72.4795,206.481
72.5128,206.273
72.5462,206.065
72.5796,205.857
72.6129,205.649
72.6463,205.442
72.6796,205.235
72.713,205.029
72.7464,204.823
72.7797,204.617
72.8131,204.412
72.8465,204.207
72.8798,204.003
72.9132,203.799
72.9466,203.595
72.9799,203.392
73.0133,203.19
73.0467,202.988
73.08,202.786
73.1134,202.585
73.1468,202.384
73.1801,202.184
73.2135,201.984
73.2469,201.785
73.2802,201.586
73.3136,201.387
73.347,201.189
73.3803,200.992
73.4137,200.795
73.4471,200.599
73.4804,200.403
73.5138,200.207
73.5471,200.012
73.5805,199.818
73.6139,199.624
73.6472,199.43
73.6806,199.237
73.714,199.045
73.7473,198.853
73.7807,198.661
73.8141,198.47
73.8474,198.28
73.8808,198.09
73.9142,197.901
73.9475,197.712
73.9809,197.523
74.0143,197.335
74.0476,197.148
74.081,196.961
74.1144,196.775
74.1477,196.589
74.1811,196.403
74.2145,196.218
74.2478,196.033
74.2812,195.849
74.3145,195.666
74.3479,195.483
74.3813,195.3
74.4146,195.118
74.448,194.936
74.4814,194.755
74.5147,194.574
74.5481,194.394
74.5815,194.214
74.6148,194.035
74.6482,193.856
74.6816,193.678
74.7149,193.501
74.7483,193.323
74.7817,193.147
74.815,192.971
74.8484,192.795
74.8818,192.62
74.9151,192.446
74.9485,192.272
74.9819,192.099
75.0152,191.926
75.0486,191.754
75.0819,191.583
75.1153,191.412
75.1487,191.241
75.182,191.072
75.2154,190.903
75.2488,190.735
75.2821,190.567
75.3155,190.401
75.3489,190.235
75.3822,190.07
75.4156,189.905
75.449,189.742
75.4823,189.579
75.5157,189.418
75.5491,189.258
75.5824,189.098
75.6158,188.94
75.6492,188.783
75.6825,188.628
75.7159,188.473
75.7493,188.321
75.7826,188.169
75.816,188.02
75.8493,187.872
75.8827,187.726
75.9161,187.581
75.9494,187.439
75.9828,187.299
76.0162,187.161
76.0495,187.025
76.0829,186.892
76.1163,186.761
76.1496,186.633
76.183,186.507
76.2164,186.385
76.2497,186.265
76.2831,186.149
76.3165,186.036
76.3498,185.927
76.3832,185.821
76.4166,185.719
76.4499,185.62
76.4833,185.526
76.5167,185.435
76.55,185.348
76.5834,185.266
76.6168,185.189
76.6501,185.116
76.6835,185.048
76.7169,184.984
76.7502,184.926
76.7836,184.873
76.8169,184.824
76.8503,184.781
76.8837,184.743
76.917,184.71
76.9504,184.682
76.9838,184.66
77.0171,184.643
77.0505,184.632
77.0839,184.626
77.1172,184.626
77.1506,184.632
77.184,184.644
77.2173,184.661
77.2507,184.685
77.2841,184.714
77.3174,184.749
77.3508,184.79
77.3842,184.837
77.4175,184.889
77.4509,184.946
77.4843,185.008
77.5176,185.076
77.551,185.148
77.5844,185.226
77.6177,185.308
77.6511,185.394
77.6844,185.484
77.7178,185.579
77.7512,185.677
77.7845,185.778
77.8179,185.883
77.8513,185.992
77.8846,186.103
77.918,186.217
77.9514,186.333
77.9847,186.452
78.0181,186.573
78.0515,186.696
78.0848,186.821
78.1182,186.948
78.1516,187.075
78.1849,187.204
78.2183,187.334
78.2517,187.465
78.285,187.596
78.3184,187.728
78.3518,187.859
78.3851,187.991
78.4185,188.122
78.4519,188.253
78.4852,188.383
78.5186,188.513
78.5519,188.641
78.5853,188.769
78.6187,188.895
78.652,189.02
78.6854,189.143
78.7188,189.264
78.7521,189.384
78.7855,189.502
78.8189,189.617
78.8522,189.731
78.8856,189.842
78.919,189.952
78.9523,190.058
78.9857,190.163
79.0191,190.265
79.0524,190.364
79.0858,190.461
79.1192,190.555
79.1525,190.646
79.1859,190.734
79.2193,190.82
79.2526,190.903
79.286,190.983
79.3194,191.061
79.3527,191.135
79.3861,191.207
79.4194,191.276
79.4528,191.342
79.4862,191.405
79.5195,191.465
79.5529,191.523
79.5863,191.577
79.6196,191.629
79.653,191.678
79.6864,191.725
79.7197,191.768
79.7531,191.809
79.7865,191.848
79.8198,191.883
79.8532,191.916
79.8866,191.947
79.9199,191.974
79.9533,192
79.9867,192.022
80.02,192.043
80.0534,192.061
80.0868,192.076
80.1201,192.089
80.1535,192.1
80.1868,192.109
80.2202,192.115
80.2536,192.119
80.2869,192.121
80.3203,192.121
80.3537,192.119
80.387,192.114
80.4204,192.108
80.4538,192.099
80.4871,192.089
80.5205,192.077
80.5539,192.062
80.5872,192.046
80.6206,192.029
80.654,192.009
80.6873,191.987
80.7207,191.964
80.7541,191.939
80.7874,191.913
80.8208,191.885
80.8542,191.855
80.8875,191.824
80.9209,191.791
80.9542,191.757
80.9876,191.721
81.021,191.684
81.0543,191.645
81.0877,191.605
81.1211,191.563
81.1544,191.521
81.1878,191.477
81.2212,191.431
81.2545,191.385
81.2879,191.337
81.3213,191.288
81.3546,191.238
81.388,191.186
81.4214,191.134
81.4547,191.08
81.4881,191.026
81.5215,190.97
81.5548,190.913
81.5882,190.855
81.6216,190.797
81.6549,190.737
81.6883,190.676
81.7216,190.615
81.755,190.552
81.7884,190.489
81.8217,190.424
81.8551,190.359
81.8885,190.293
81.9218,190.226
81.9552,190.159
81.9886,190.09
82.0219,190.021
82.0553,189.951
82.0887,189.881
82.122,189.81
82.1554,189.737
82.1888,189.665
82.2221,189.591
82.2555,189.517
82.2889,189.443
82.3222,189.367
82.3556,189.292
82.389,189.215
82.4223,189.138
82.4557,189.061
82.4891,188.982
82.5224,188.904
82.5558,188.825
82.5891,188.745
82.6225,188.665
82.6559,188.584
82.6892,188.503
82.7226,188.422
82.756,188.34
82.7893,188.257
82.8227,188.175
82.8561,188.092
82.8894,188.008
82.9228,187.924
82.9562,187.84
82.9895,187.756
83.0229,187.672
83.0563,187.587
83.0896,187.502
83.123,187.417
83.1564,187.331
83.1897,187.246
83.2231,187.16
83.2565,187.074
83.2898,186.988
83.3232,186.902
83.3566,186.817
83.3899,186.731
83.4233,186.645
83.4566,186.559
83.49,186.473
83.5234,186.387
83.5567,186.302
83.5901,186.217
83.6235,186.132
83.6568,186.047
83.6902,185.963
83.7236,185.879
83.7569,185.795
83.7903,185.712
83.8237,185.629
83.857,185.547
83.8904,185.466
83.9238,185.385
83.9571,185.304
83.9905,185.225
84.0239,185.146
84.0572,185.068
84.0906,184.991
84.124,184.915
84.1573,184.839
84.1907,184.765
84.2241,184.691
84.2574,184.619
84.2908,184.548
84.3242,184.477
84.3575,184.408
84.3909,184.34
84.4242,184.274
84.4576,184.208
84.491,184.144
84.5243,184.082
84.5577,184.02
84.5911,183.96
84.6244,183.902
84.6578,183.845
84.6912,183.789
84.7245,183.736
84.7579,183.683
84.7913,183.632
84.8246,183.583
84.858,183.535
84.8914,183.49
84.9247,183.445
84.9581,183.403
84.9915,183.362
85.0248,183.322
85.0582,183.285
85.0916,183.249
85.1249,183.215
85.1583,183.182
85.1917,183.152
85.225,183.123
85.2584,183.095
85.2917,183.07
85.3251,183.046
85.3585,183.023
85.3918,183.003
85.4252,182.983
85.4586,182.966
85.4919,182.95
85.5253,182.936
85.5587,182.923
85.592,182.912
85.6254,182.902
85.6588,182.894
85.6921,182.887
85.7255,182.882
85.7589,182.878
85.7922,182.875
85.8256,182.874
85.859,182.874
85.8923,182.875
85.9257,182.878
85.9591,182.881
85.9924,182.886
86.0258,182.892
86.0591,182.898
86.0925,182.906
86.1259,182.915
86.1592,182.925
86.1926,182.935
86.226,182.947
86.2593,182.959
86.2927,182.972
86.3261,182.985
86.3594,183
86.3928,183.015
86.4262,183.03
86.4595,183.046
86.4929,183.062
86.5263,183.079
86.5596,183.097
86.593,183.114
86.6264,183.132
86.6597,183.151
86.6931,183.169
86.7265,183.188
86.7598,183.207
86.7932,183.226
86.8265,183.245
86.8599,183.264
86.8933,183.283
86.9266,183.302
86.96,183.321
86.9934,183.341
87.0267,183.359
87.0601,183.378
87.0935,183.397
87.1268,183.415
87.1602,183.434
87.1936,183.452
87.2269,183.469
87.2603,183.487
87.2937,183.504
87.327,183.52
87.3604,183.537
87.3938,183.553
87.4271,183.568
87.4605,183.583
87.4939,183.598
87.5272,183.612
87.5606,183.626
87.5939,183.639
87.6273,183.652
87.6607,183.664
87.694,183.676
87.7274,183.687
87.7608,183.697
87.7941,183.707
87.8275,183.716
87.8609,183.725
87.8942,183.733
87.9276,183.74
87.961,183.747
87.9943,183.753
88.0277,183.759
88.0611,183.764
88.0944,183.768
88.1278,183.771
88.1612,183.774
88.1945,183.776
88.2279,183.778
88.2613,183.779
88.2946,183.779
88.328,183.778
88.3614,183.777
88.3947,183.775
88.4281,183.772
88.4614,183.769
88.4948,183.764
88.5282,183.76
88.5615,183.754
88.5949,183.748
88.6283,183.741
88.6616,183.733
88.695,183.725
88.7284,183.716
88.7617,183.706
88.7951,183.695
88.8285,183.684
88.8618,183.672
88.8952,183.66
88.9286,183.647
88.9619,183.633
88.9953,183.618
89.0287,183.603
89.062,183.587
89.0954,183.57
89.1288,183.553
89.1621,183.535
89.1955,183.516
89.2289,183.497
89.2622,183.477
89.2956,183.456
89.3289,183.435
89.3623,183.413
89.3957,183.39
89.429,183.367
89.4624,183.343
89.4958,183.318
89.5291,183.293
89.5625,183.268
89.5959,183.241
89.6292,183.214
89.6626,183.187
89.696,183.159
89.7293,183.13
89.7627,183.101
89.7961,183.071
89.8294,183.04
89.8628,183.009
89.8962,182.978
89.9295,182.946
89.9629,182.913
89.9963,182.88
90.0296,182.846
90.063,182.811
90.0964,182.777
90.1297,182.741
90.1631,182.705
90.1964,182.669
90.2298,182.632
90.2632,182.595
90.2965,182.557
90.3299,182.518
90.3633,182.479
90.3966,182.44
90.43,182.4
90.4634,182.36
90.4967,182.319
90.5301,182.277
90.5635,182.236
90.5968,182.193
90.6302,182.151
90.6636,182.108
90.6969,182.064
90.7303,182.02
90.7637,181.976
90.797,181.931
90.8304,181.886
90.8638,181.84
90.8971,181.794
90.9305,181.748
90.9639,181.701
90.9972,181.654
91.0306,181.606
91.0639,181.558
91.0973,181.509
91.1307,181.461
91.164,181.412
91.1974,181.362
91.2308,181.312
91.2641,181.262
91.2975,181.212
91.3309,181.161
91.3642,181.11
91.3976,181.058
91.431,181.006
91.4643,180.954
91.4977,180.902
91.5311,180.849
91.5644,180.796
91.5978,180.743
91.6312,180.689
91.6645,180.635
91.6979,180.581
91.7313,180.527
91.7646,180.472
91.798,180.417
91.8314,180.362
91.8647,180.307
91.8981,180.252
91.9314,180.196
91.9648,180.14
91.9982,180.084
92.0315,180.028
92.0649,179.971
92.0983,179.914
92.1316,179.858
92.165,179.801
92.1984,179.743
92.2317,179.686
92.2651,179.629
92.2985,179.571
92.3318,179.514
92.3652,179.456
92.3986,179.398
92.4319,179.34
92.4653,179.282
92.4987,179.224
92.532,179.166
92.5654,179.108
92.5988,179.05
92.6321,178.992
92.6655,178.934
92.6988,178.876
92.7322,178.818
92.7656,178.76
92.7989,178.702
92.8323,178.645
92.8657,178.587
92.899,178.529
92.9324,178.472
92.9658,178.415
92.9991,178.358
93.0325,178.301
93.0659,178.244
93.0992,178.187
93.1326,178.131
93.166,178.075
93.1993,178.019
93.2327,177.963
93.2661,177.908
93.2994,177.853
93.3328,177.798
93.3662,177.743
93.3995,177.689
93.4329,177.635
93.4662,177.582
93.4996,177.529
93.533,177.476
93.5663,177.424
93.5997,177.372
93.6331,177.321
93.6664,177.27
93.6998,177.219
93.7332,177.169
93.7665,177.119
93.7999,177.07
93.8333,177.022
93.8666,176.974
93.9,176.926
93.9334,176.879
93.9667,176.832
94.0001,176.787
94.0335,176.741
94.0668,176.696
94.1002,176.652
94.1336,176.609
94.1669,176.566
94.2003,176.523
94.2337,176.482
94.267,176.44
94.3004,176.4
94.3337,176.36
94.3671,176.321
94.4005,176.282
94.4338,176.245
94.4672,176.207
94.5006,176.171
94.5339,176.135
94.5673,176.1
94.6007,176.065
94.634,176.031
94.6674,175.998
94.7008,175.966
94.7341,175.934
94.7675,175.903
94.8009,175.872
94.8342,175.842
94.8676,175.813
94.901,175.785
94.9343,175.757
94.9677,175.73
95.0011,175.703
95.0344,175.677
95.0678,175.652
95.1012,175.627
95.1345,175.603
95.1679,175.58
95.2012,175.557
95.2346,175.535
95.268,175.514
95.3013,175.493
95.3347,175.473
95.3681,175.453
95.4014,175.434
95.4348,175.415
95.4682,175.397
95.5015,175.379
95.5349,175.363
95.5683,175.346
95.6016,175.33
95.635,175.315
95.6684,175.3
95.7017,175.285
95.7351,175.271
95.7685,175.258
95.8018,175.245
95.8352,175.232
95.8686,175.22
95.9019,175.208
95.9353,175.197
95.9687,175.186
96.002,175.175
96.0354,175.165
96.0687,175.155
96.1021,175.145
96.1355,175.136
96.1688,175.127
96.2022,175.118
96.2356,175.11
96.2689,175.102
96.3023,175.094
96.3357,175.087
96.369,175.08
96.4024,175.073
96.4358,175.066
96.4691,175.059
96.5025,175.053
96.5359,175.047
96.5692,175.041
96.6026,175.035
96.636,175.029
96.6693,175.024
96.7027,175.018
96.7361,175.013
96.7694,175.008
96.8028,175.003
96.8362,174.998
96.8695,174.993
96.9029,174.988
96.9362,174.983
96.9696,174.979
97.003,174.974
97.0363,174.969
97.0697,174.965
97.1031,174.96
97.1364,174.956
97.1698,174.951
97.2032,174.947
97.2365,174.942
97.2866,174.936
97.3617,174.925
97.4743,174.909
97.6432,174.881
97.8965,174.833
98.2766,174.737
98.8467,174.531
99.7018,174.071
100.702,173.335
101.702,172.423
102.702,171.366
103.702,170.197
104.702,168.943
105.702,167.628
106.702,166.275
107.702,164.906
108.452,163.881
109.202,162.872
109.764,162.131
110.327,161.42
110.889,160.753
111.452,160.145
112.014,159.611
112.577,159.161
113.139,158.798
113.702,158.52
114.264,158.319
114.827,158.181
115.389,158.095
115.952,158.045
116.514,158.019
117.077,158.01
117.639,158.017
118.202,158.048
118.764,158.125
119.327,158.274
119.889,158.526
120.452,158.897
121.014,159.392
121.577,159.994
122.139,160.678
122.702,161.41
123.264,162.155
123.827,162.887
124.389,163.591
124.952,164.272
125.514,164.971
126.077,165.757
126.639,166.721
127.202,167.92
127.764,169.354
128.327,170.965
128.889,172.66
129.452,174.335
130.014,175.906
130.577,177.312
131.139,178.527
131.702,179.544
132.264,180.375
132.827,181.043
133.389,181.608
133.952,182.206
134.514,183.099
135.077,184.584
135.639,186.83
136.202,189.752
136.764,192.948
137.327,195.997
137.889,198.622
138.452,200.701
139.014,202.235
139.577,203.291
140.139,203.969
140.702,204.432
141.264,205.062
141.827,206.822
142.389,211.348
142.952,218.563
143.514,227.223
144.077,234.596
144.639,239.236
145.202,241.365
145.764,241.731
146.327,241.02
146.889,239.722
147.452,238.116
148.014,236.364
148.577,234.578
149.139,232.878
149.702,231.61
150.264,232.231
150.827,240.008
151.389,270.139
151.952,306.779
152.514,325.224
153.077,324.404
153.639,314.308
154.202,302.677
154.764,292.222
155.327,283.526
155.889,276.384
156.452,270.517
157.014,265.952
157.577,263.807
158.139,274.825
158.702,451.267
159.264,780.684
159.827,600.107
160.389,519.192
160.952,421.93
161.514,373.26
162.077,343.851
162.639,324.385
163.202,310.549
163.764,300.149
164.327,291.967
164.889,285.303
165.452,279.836
166.014,275.71
166.577,275.125
167.139,290.592
167.702,336.482
168.264,375.989
168.827,379.065
169.389,366.204
169.952,350.661
170.514,336.233
171.077,323.934
171.639,313.744
172.202,305.325
172.764,298.34
173.327,292.667
173.889,288.786
174.452,288.079
175.014,291.851
175.577,298.284
176.139,304.164
176.702,307.478
177.264,308.126
177.827,306.792
178.389,304.193
178.952,300.933
179.514,297.394
180.077,293.8
180.639,290.273
181.202,286.884
181.764,283.695
182.327,280.834
182.889,278.565
183.452,277.202
184.014,276.937
184.577,277.597
185.139,278.726
185.702,279.834
186.264,280.596
186.827,280.873
187.389,280.662
187.952,280.027
188.514,279.06
189.077,277.852
189.639,276.5
190.202,275.117
190.764,273.834
191.327,272.772
191.889,272.002
192.452,271.526
193.014,271.275
193.577,271.152
194.139,271.055
194.702,270.909
195.264,270.661
195.827,270.288
196.389,269.782
196.952,269.148
197.514,268.399
198.077,267.553
198.639,266.64
199.202,265.698
199.764,264.776
200.327,263.92
200.889,263.167
201.452,262.539
202.014,262.039
202.577,261.649
203.139,261.343
203.702,261.088
204.264,260.854
204.827,260.614
205.389,260.346
206.233,259.837
207.233,259.052
208.233,258.085
209.233,256.951
210.233,255.674
211.233,254.285
212.233,252.81
213.233,251.275
214.233,249.702
215.233,248.12
216.233,246.57
217.233,245.114
218.233,243.821
219.233,242.742
220.233,241.888
221.233,241.23
222.233,240.718
223.233,240.298
224.233,239.951
225.233,239.715
226.233,239.684
227.233,239.932
228.233,240.447
229.233,241.132
230.233,241.871
231.233,242.596
232.233,243.391
233.233,244.522
234.233,246.186
235.233,248.253
236.233,250.379
237.233,252.257
238.233,253.721
239.233,254.753
240.233,255.544
241.233,256.78
242.233,259.533
243.233,263.665
244.233,267.797
245.233,270.94
246.233,272.845
247.233,273.828
248.233,275.14
249.233,281.029
250.233,292.563
251.233,301.292
252.233,304.799
253.233,304.633
254.233,302.589
255.233,299.849
256.233,297.342
257.233,299.128
258.233,338.31
259.233,382.511
260.233,378.337
261.233,361.94
262.233,346.978
263.233,335.508
264.233,328.804
265.233,359.354
266.233,579.394
267.233,524.478
268.233,448.259
269.233,400.279
270.233,373.041
271.233,355.741
272.233,343.96
273.233,338.431
274.233,365.533
275.233,416.92
276.233,414.249
277.233,395.689
278.233,377.916
279.233,363.679
280.233,353.151
281.233,348.964
282.233,354.272
283.233,360.48
284.233,361.821
285.233,359.038
286.233,354.185
287.233,348.634
288.233,343.128
289.233,338.32
290.233,335.323
291.233,334.72
292.233,335.314
293.233,335.667
294.233,335.15
295.233,333.756
296.233,331.767
297.233,329.646
298.233,327.888
299.233,326.716
300.233,325.974
301.233,325.353
302.233,324.606
303.233,323.614
304.233,322.358
305.233,320.898
306.233,319.368
307.233,317.938
308.233,316.741
309.233,315.797
310.233,315.046
311.233,314.386
312.233,313.721
313.233,312.98
314.233,312.116
315.233,311.112
316.233,309.967
317.233,308.692
318.233,307.303
319.233,305.818
320.233,304.259
321.233,302.65
322.233,301.017
323.233,299.402
324.233,297.871
325.233,296.489
326.233,295.3
327.233,294.312
328.233,293.499
329.233,292.815
330.233,292.218
331.233,291.691
332.233,291.275
333.233,291.048
334.233,291.065
335.233,291.306
336.233,291.687
337.233,292.114
338.233,292.543
339.233,293.067
340.233,293.912
341.233,295.204
342.233,296.803
343.233,298.427
344.233,299.828
345.233,300.883
346.233,301.589
347.233,302.146
348.233,303.244
349.233,305.734
350.233,309.263
351.233,312.676
352.233,315.194
353.233,316.672
354.233,317.439
355.233,318.951
356.233,325.321
357.233,335.514
358.233,342.881
359.233,345.899
360.233,345.685
361.233,343.769
362.233,341.218
363.233,339.023
364.233,342.797
365.233,382.253
366.233,410.348
367.233,408.627
368.233,396.316
369.233,383.67
370.233,373.557
371.233,368.511
372.233,412.406
373.233,521.359
374.233,500.18
375.233,461.757
376.233,428.077
377.233,406.049
378.233,391.135
379.233,380.717
380.233,376.746
381.233,405.718
382.233,436.538
383.233,435.628
384.233,422.394
385.233,408.041
386.233,395.974
387.233,387.066
388.233,384.444
389.233,389.456
390.233,394.132
391.233,394.82
392.233,392.063
393.233,387.527
394.233,382.413
395.233,377.388
396.233,373.093
397.233,370.559
398.233,370.073
399.233,370.511
400.233,370.692
401.233,370.089
402.233,368.705
403.233,366.814
404.233,364.827
405.233,363.173
406.233,362.018
407.233,361.22
408.233,360.525
409.233,359.726
410.233,358.716
411.233,357.48
412.233,356.074
413.233,354.616
414.233,353.251
415.233,352.08
416.233,351.126
417.233,350.34
418.233,349.642
419.233,348.948
420.233,348.196
421.233,347.343
422.233,346.371
423.233,345.274
424.233,344.057
425.233,342.731
426.233,341.314
427.233,339.822
428.233,338.272
429.233,336.676
430.233,335.049
431.233,333.405
432.233,331.749
433.233,330.09
434.233,328.436
435.233,326.795
436.233,325.17
437.233,323.564
438.233,321.978
439.233,320.414
440.233,318.872
441.233,317.354
442.233,315.859
443.233,314.388
444.233,312.944
445.233,311.528
446.233,310.136
447.233,308.768
448.233,307.421
449.233,306.095
450.233,304.792
451.233,303.51
452.233,302.248
453.233,301.004
454.233,299.777
455.233,298.567
456.233,297.374
457.233,296.197
458.233,295.036
459.233,293.89
460.233,292.76
461.233,291.642
462.233,290.538
463.233,289.445
464.233,288.365
465.233,287.296
466.233,286.239
467.233,285.192
468.233,284.156
469.233,283.13
470.233,282.114
471.233,281.107
472.233,280.109
473.233,279.12
474.233,278.14
475.233,277.167
476.233,276.203
477.233,275.247
478.233,274.301
479.233,273.363
480.233,272.433
481.233,271.51
482.233,270.595
483.233,269.686
484.233,268.784
485.233,267.888
486.233,266.998
487.233,266.113
488.233,265.234
489.233,264.361
490.233,263.493
491.233,262.63
492.233,261.772
493.233,260.918
494.233,260.069
495.233,259.225
496.233,258.385
497.233,257.55
498.233,256.719
499.233,255.894
500.233,255.073
501.233,254.257
502.233,253.445
503.233,252.637
504.233,251.834
505.233,251.035
506.233,250.239
507.233,249.447
508.233,248.659
509.233,247.875
510.233,247.094
511.233,246.317
512.233,245.544
513.233,244.774
514.233,244.007
515.233,243.244
516.233,242.484
517.233,241.727
518.233,240.974
519.233,240.224
520.233,239.477
521.233,238.733
522.233,237.992
523.233,237.255
524.233,236.521
525.233,235.791
526.233,235.063
527.233,234.339
528.233,233.617
529.233,232.898
530.233,232.182
531.233,231.468
532.233,230.756
533.233,230.047
534.233,229.341
535.233,228.637
536.233,227.935
537.233,227.236
538.233,226.54
539.233,225.846
540.233,225.155
541.233,224.466
542.233,223.78
543.233,223.096
544.233,222.414
545.233,221.735
546.233,221.057
547.233,220.383
548.233,219.71
549.233,219.041
550.233,218.374
551.233,217.709
552.233,217.046
553.233,216.386
554.233,215.727
555.233,215.071
556.233,214.416
557.233,213.764
558.233,213.113
559.233,212.465
560.233,211.819
561.233,211.174
562.233,210.532
563.233,209.892
564.233,209.254
565.233,208.618
566.233,207.984
567.233,207.353
568.233,206.724
569.233,206.097
570.233,205.472
571.233,204.85
572.233,204.23
573.233,203.612
574.233,202.996
575.233,202.383
576.233,201.772
577.233,201.163
578.233,200.556
579.233,199.951
580.233,199.348
581.233,198.747
582.233,198.148
583.233,197.55
584.233,196.955
585.233,196.361
586.233,195.769
587.233,195.179
588.233,194.591
589.233,194.005
590.233,193.421
591.233,192.839
592.233,192.26
593.233,191.683
594.233,191.109
595.233,190.537
596.233,189.967
597.233,189.399
598.233,188.833
599.233,188.27
600.233,187.708
601.233,187.148
602.233,186.59
603.233,186.033
604.233,185.478
605.233,184.924
606.233,184.372
607.233,183.822
608.233,183.274
609.233,182.727
610.233,182.183
611.233,181.64
612.233,181.098
613.233,180.558
614.233,180.02
615.233,179.484
616.233,178.949
617.233,178.415
618.233,177.884
619.233,177.354
620.233,176.826
621.233,176.299
622.233,175.775
623.233,175.252
624.233,174.73
625.233,174.211
626.233,173.693
627.233,173.177
628.233,172.663
629.233,172.151
630.233,171.641
631.233,171.133
632.233,170.627
633.233,170.123
634.233,169.62
635.233,169.118
636.233,168.619
637.233,168.121
638.233,167.624
639.233,167.129
640.233,166.636
641.233,166.145
642.233,165.656
643.233,165.169
644.233,164.684
645.233,164.201
646.233,163.719
647.233,163.239
648.233,162.76
649.233,162.282
650.233,161.805
651.233,161.33
652.233,160.856
653.233,160.384
654.233,159.914
655.233,159.445
656.233,158.978
657.233,158.513
658.233,158.05
659.233,157.588
660.233,157.128
661.233,156.67
662.233,156.213
663.233,155.757
664.233,155.302
665.233,154.849
666.233,154.398
667.233,153.948
668.233,153.499
669.233,153.052
670.233,152.606
671.233,152.162
672.233,151.719
673.233,151.278
674.233,150.839
675.233,150.401
676.233,149.964
677.233,149.529
678.233,149.095
679.233,148.663
680.233,148.232
681.233,147.802
682.233,147.373
683.233,146.946
684.233,146.521
685.233,146.097
686.233,145.674
687.233,145.254
688.233,144.835
689.233,144.417
690.233,144.001
691.233,143.587
692.233,143.174
693.233,142.762
694.233,142.351
695.233,141.942
696.233,141.533
697.233,141.126
698.233,140.72
699.233,140.315
700.233,139.912
701.233,139.509
702.233,139.108
703.233,138.708
704.233,138.31
705.233,137.912
706.233,137.516
707.233,137.121
708.233,136.727
709.233,136.335
710.233,135.944
711.233,135.553
712.233,135.164
713.233,134.776
714.233,134.389
715.233,134.003
716.233,133.618
717.233,133.235
718.233,132.853
719.233,132.472
720.233,132.092
721.233,131.713
722.233,131.337
723.233,130.961
724.233,130.587
725.233,130.214
726.233,129.842
727.233,129.472
728.233,129.103
729.233,128.735
730.233,128.369
731.233,128.004
732.233,127.64
733.233,127.278
734.233,126.916
735.233,126.556
736.233,126.197
737.233,125.838
738.233,125.481
739.233,125.125
740.233,124.769
741.233,124.414
742.233,124.061
743.233,123.708
744.233,123.356
745.233,123.006
746.233,122.657
747.233,122.308
748.233,121.961
749.233,121.616
750.233,121.272
751.233,120.929
752.233,120.587
753.233,120.246
754.233,119.907
755.233,119.568
756.233,119.231
757.233,118.895
758.233,118.561
759.233,118.227
760.233,117.894
761.233,117.563
762.233,117.232
763.233,116.903
764.233,116.575
765.233,116.248
766.233,115.922
767.233,115.597
768.233,115.273
769.233,114.95
770.233,114.629
771.233,114.308
772.233,113.989
773.233,113.67
774.233,113.353
775.233,113.037
776.233,112.722
777.233,112.408
778.233,112.095
779.233,111.783
780.233,111.472
781.233,111.162
782.233,110.853
783.233,110.546
784.233,110.239
785.233,109.934
786.233,109.629
787.233,109.326
788.233,109.023
789.233,108.721
790.233,108.42
791.233,108.12
792.233,107.821
793.233,107.523
794.233,107.226
795.233,106.93
796.233,106.635
797.233,106.34
798.233,106.047
799.233,105.754
800.233,105.463
801.233,105.172
802.233,104.883
803.233,104.594
804.233,104.306
805.233,104.018
806.233,103.732
807.233,103.446
808.233,103.161
809.233,102.877
810.233,102.594
811.233,102.312
812.233,102.03
813.233,101.75
814.233,101.471
815.233,101.192
816.233,100.915
817.233,100.638
818.233,100.362
819.233,100.087
820.233,99.8134
821.233,99.5404
822.233,99.2682
823.233,98.9969
824.233,98.7265
825.233,98.457
826.233,98.1884
827.233,97.9207
828.233,97.654
829.233,97.3881
830.233,97.1232
831.233,96.8592
832.233,96.5961
833.233,96.3339
834.233,96.0725
835.233,95.812
836.233,95.5523
837.233,95.2934
838.233,95.0354
839.233,94.778
840.233,94.5213
841.233,94.2654
842.233,94.0101
843.233,93.7556
844.233,93.5019
845.233,93.2489
846.233,92.9967
847.233,92.7453
848.233,92.4946
849.233,92.2447
850.233,91.9956
851.233,91.7473
852.233,91.4999
853.233,91.2534
854.233,91.0077
855.233,90.7628
856.233,90.5187
857.233,90.2755
858.233,90.0331
859.233,89.7914
860.233,89.5505
861.233,89.3104
862.233,89.0711
863.233,88.8326
864.233,88.5948
865.233,88.3578
866.233,88.1216
867.233,87.886
868.233,87.6512
869.233,87.4171
870.233,87.1837
871.233,86.951
872.233,86.719
873.233,86.4877
874.233,86.2572
875.233,86.0273
876.233,85.7982
877.233,85.5697
878.233,85.342
879.233,85.115
880.233,84.8887
881.233,84.6632
882.233,84.4384
883.233,84.2145
884.233,83.9913
885.233,83.769
886.233,83.5474
887.233,83.3267
888.233,83.1067
889.233,82.8875
890.233,82.6691
891.233,82.4515
892.233,82.2346
893.233,82.0184
894.233,81.8031
895.233,81.5884
896.233,81.3745
897.233,81.1614
898.233,80.949
899.233,80.7373
900.233,80.5263
901.233,80.3161
902.233,80.1065
903.233,79.8977
904.233,79.6896
905.233,79.4821
906.233,79.2754
907.233,79.0694
908.233,78.864
909.233,78.6594
910.233,78.4554
911.233,78.252
912.233,78.0493
913.233,77.8471
914.233,77.6455
915.233,77.4445
916.233,77.2441
917.233,77.0442
918.233,76.8449
919.233,76.6462
920.233,76.4481
921.233,76.2505
922.233,76.0536
923.233,75.8572
924.233,75.6614
925.233,75.4663
926.233,75.2717
927.233,75.0778
928.233,74.8845
929.233,74.6918
930.233,74.4998
931.233,74.3085
932.233,74.1179
933.233,73.9279
934.233,73.7387
935.233,73.5501
936.233,73.3622
937.233,73.175
938.233,72.9884
939.233,72.8026
940.233,72.6173
941.233,72.4327
942.233,72.2487
943.233,72.0654
944.233,71.8827
945.233,71.7007
946.233,71.5192
947.233,71.3384
948.233,71.1581
949.233,70.9783
950.233,70.7992
951.233,70.6206
952.233,70.4426
953.233,70.2652
954.233,70.0883
955.233,69.912
956.233,69.7363
957.233,69.5612
958.233,69.3867
959.233,69.2127
960.233,69.0393
961.233,68.8665
962.233,68.6943
963.233,68.5227
964.233,68.3516
965.233,68.1811
966.233,68.0113
967.233,67.842
968.233,67.6733
969.233,67.5053
970.233,67.3378
971.233,67.1709
972.233,67.0045
973.233,66.8387
974.233,66.6734
975.233,66.5087
976.233,66.3445
977.233,66.1808
978.233,66.0176
979.233,65.855
980.233,65.693
981.233,65.5314
982.233,65.3704
983.233,65.2099
984.233,65.0499
985.233,64.8905
986.233,64.7315
987.233,64.5731
988.233,64.4152
989.233,64.2579
990.233,64.101
991.233,63.9447
992.233,63.7889
993.233,63.6336
994.233,63.4789
995.233,63.3248
996.233,63.1711
997.233,63.018
998.233,62.8655
999.233,62.7134
1000.23,62.5619
1001.23,62.4109
1002.23,62.2604
1003.23,62.1105
1004.23,61.9611
1005.23,61.8121
1006.23,61.6637
1007.23,61.5159
1008.23,61.3685
1009.23,61.2216
1010.23,61.0752
1011.23,60.9294
1012.23,60.784
1013.23,60.6391
1014.23,60.4948
1015.23,60.3509
1016.23,60.2075
1017.23,60.0645
1018.23,59.9221
1019.23,59.7801
1020.23,59.6386
1021.23,59.4975
1022.23,59.357
1023.23,59.2169
1024.23,59.0772
1025.23,58.9381
1026.23,58.7994
1027.23,58.6611
1028.23,58.5233
1029.23,58.386
1030.23,58.2492
1031.23,58.1128
1032.23,57.9769
1033.23,57.8414
1034.23,57.7064
1035.23,57.5718
1036.23,57.4377
1037.23,57.304
1038.23,57.1708
1039.23,57.0381
1040.23,56.9058
1041.23,56.774
1042.23,56.6427
1043.23,56.5118
1044.23,56.3814
1045.23,56.2515
1046.23,56.1221
1047.23,55.9931
1048.23,55.8646
1049.23,55.7366
1050.23,55.609
1051.23,55.4818
1052.23,55.3552
1053.23,55.2289
1054.23,55.1031
1055.23,54.9778
1056.23,54.8529
1057.23,54.7285
1058.23,54.6045
1059.23,54.4809
1060.23,54.3577
1061.23,54.235
1062.23,54.1127
1063.23,53.9908
1064.23,53.8693
1065.23,53.7482
1066.23,53.6275
1067.23,53.5073
1068.23,53.3874
1069.23,53.268
1070.23,53.149
1071.23,53.0304
1072.23,52.9122
1073.23,52.7944
1074.23,52.677
1075.23,52.56
1076.23,52.4435
1077.23,52.3273
1078.23,52.2115
1079.23,52.0962
1080.23,51.9812
1081.23,51.8667
1082.23,51.7525
1083.23,51.6388
1084.23,51.5254
1085.23,51.4124
1086.23,51.2999
1087.23,51.1877
1088.23,51.076
1089.23,50.9646
1090.23,50.8537
1091.23,50.7431
1092.23,50.633
1093.23,50.5233
1094.23,50.4139
1095.23,50.305
1096.23,50.1965
1097.23,50.0883
1098.23,49.9806
1099.23,49.8732
1100.23,49.7663
1101.23,49.6597
1102.23,49.5535
1103.23,49.4478
1104.23,49.3424
1105.23,49.2373
1106.23,49.1327
1107.23,49.0285
1108.23,48.9246
1109.23,48.8211
1110.23,48.718
1111.23,48.6152
1112.23,48.5128
1113.23,48.4108
1114.23,48.3092
1115.23,48.2079
1116.23,48.107
1117.23,48.0065
1118.23,47.9063
1119.23,47.8065
1120.23,47.707
1121.23,47.6079
1122.23,47.5091
1123.23,47.4107
1124.23,47.3126
1125.23,47.2149
1126.23,47.1175
1127.23,47.0204
1128.23,46.9237
1129.23,46.8273
1130.23,46.7312
1131.23,46.6355
1132.23,46.5401
1133.23,46.4451
1134.23,46.3504
1135.23,46.2561
1136.23,46.1621
1137.23,46.0684
1138.23,45.975
1139.23,45.882
1140.23,45.7893
1141.23,45.697
1142.23,45.6049
1143.23,45.5133
1144.23,45.4219
1145.23,45.3308
1146.23,45.2401
1147.23,45.1497
1148.23,45.0597
1149.23,44.9699
1150.23,44.8805
1151.23,44.7914
1152.23,44.7026
1153.23,44.6141
1154.23,44.526
1155.23,44.4382
1156.23,44.3506
1157.23,44.2634
1158.23,44.1766
1159.23,44.09
1160.23,44.0038
1161.23,43.9179
1162.23,43.8323
1163.23,43.747
1164.23,43.662
1165.23,43.5774
1166.23,43.493
1167.23,43.409
1168.23,43.3253
1169.23,43.2418
1170.23,43.1587
1171.23,43.0759
1172.23,42.9934
1173.23,42.9111
1174.23,42.8292
1175.23,42.7476
1176.23,42.6662
1177.23,42.5852
1178.23,42.5044
1179.23,42.424
1180.23,42.3438
1181.23,42.2639
1182.23,42.1843
1183.23,42.105
1184.23,42.026
1185.23,41.9472
1186.23,41.8688
1187.23,41.7906
1188.23,41.7127
1189.23,41.6351
1190.23,41.5578
1191.23,41.4807
1192.23,41.4039
1193.23,41.3274
1194.23,41.2512
1195.23,41.1753
1196.23,41.0996
1197.23,41.0242
1198.23,40.949
1199.23,40.8741
1200.23,40.7995
1201.23,40.7252
1202.23,40.6511
1203.23,40.5772
1204.23,40.5037
1205.23,40.4303
1206.23,40.3573
1207.23,40.2845
1208.23,40.2119
1209.23,40.1396
1210.23,40.0676
1211.23,39.9958
1212.23,39.9243
1213.23,39.853
1214.23,39.782
1215.23,39.7112
1216.23,39.6407
1217.23,39.5704
1218.23,39.5004
1219.23,39.4306
1220.23,39.3611
1221.23,39.2918
1222.23,39.2228
1223.23,39.154
1224.23,39.0855
1225.23,39.0172
1226.23,38.9492
1227.23,38.8814
1228.23,38.8138
1229.23,38.7465
1230.23,38.6794
1231.23,38.6126
1232.23,38.546
1233.23,38.4796
1234.23,38.4135
1235.23,38.3476
1236.23,38.282
1237.23,38.2166
1238.23,38.1514
1239.23,38.0864
1240.23,38.0217
1241.23,37.9572
1242.23,37.893
1243.23,37.829
1244.23,37.7652
1245.23,37.7016
1246.23,37.6383
1247.23,37.5752
1248.23,37.5123
1249.23,37.4496
1250.23,37.3872
1251.23,37.325
1252.23,37.263
1253.23,37.2013
1254.23,37.1398
1255.23,37.0785
1256.23,37.0174
1257.23,36.9566
1258.23,36.8959
1259.23,36.8355
1260.23,36.7753
1261.23,36.7154
1262.23,36.6556
1263.23,36.5961
1264.23,36.5368
1265.23,36.4777
1266.23,36.4188
1267.23,36.3601
1268.23,36.3016
1269.23,36.2434
1270.23,36.1853
1271.23,36.1275
1272.23,36.0698
1273.23,36.0124
1274.23,35.9552
1275.23,35.8982
1276.23,35.8414
1277.23,35.7848
1278.23,35.7284
1279.23,35.6722
1280.23,35.6162
1281.23,35.5604
1282.23,35.5048
1283.23,35.4494
1284.23,35.3942
1285.23,35.3392
1286.23,35.2844
1287.23,35.2298
1288.23,35.1754
1289.23,35.1211
1290.23,35.0671
1291.23,35.0133
1292.23,34.9597
1293.23,34.9062
1294.23,34.853
1295.23,34.7999
1296.23,34.747
1297.23,34.6944
1298.23,34.6419
1299.23,34.5896
1300.23,34.5374
1301.23,34.4855
1302.23,34.4338
1303.23,34.3822
1304.23,34.3308
1305.23,34.2796
1306.23,34.2286
1307.23,34.1778
1308.23,34.1272
1309.23,34.0767
1310.23,34.0264
1311.23,33.9763
1312.23,33.9264
1313.23,33.8766
1314.23,33.8271
1315.23,33.7777
1316.23,33.7285
1317.23,33.6794
1318.23,33.6306
1319.23,33.5819
1320.23,33.5334
1321.23,33.485
1322.23,33.4369
1323.23,33.3889
1324.23,33.3411
1325.23,33.2934
1326.23,33.2459
1327.23,33.1986
1328.23,33.1515
1329.23,33.1045
1330.23,33.0577
1331.23,33.0111
1332.23,32.9646
1333.23,32.9183
1334.23,32.8722
1335.23,32.8262
1336.23,32.7804
1337.23,32.7347
1338.23,32.6893
1339.23,32.6439
1340.23,32.5988
1341.23,32.5538
1342.23,32.5089
1343.23,32.4643
1344.23,32.4198
1345.23,32.3754
1346.23,32.3312
1347.23,32.2872
1348.23,32.2433
1349.23,32.1996
1350.23,32.156
1351.23,32.1126
1352.23,32.0693
1353.23,32.0262
1354.23,31.9833
1355.23,31.9405
1356.23,31.8978
1357.23,31.8553
1358.23,31.813
1359.23,31.7708
1360.23,31.7288
1361.23,31.6869
1362.23,31.6452
1363.23,31.6036
1364.23,31.5621
1365.23,31.5209
1366.23,31.4797
1367.23,31.4387
1368.23,31.3979
1369.23,31.3572
1370.23,31.3166
1371.23,31.2762
1372.23,31.2359
1373.23,31.1958
1374.23,31.1558
1375.23,31.116
1376.23,31.0763
1377.23,31.0367
1378.23,30.9973
1379.23,30.9581
1380.23,30.9189
1381.23,30.8799
1382.23,30.8411
1383.23,30.8024
1384.23,30.7638
1385.23,30.7254
1386.23,30.6871
1387.23,30.6489
1388.23,30.6109
1389.23,30.573
1390.23,30.5352
1391.23,30.4976
1392.23,30.4601
1393.23,30.4227
1394.23,30.3855
1395.23,30.3484
1396.23,30.3114
1397.23,30.2746
1398.23,30.2379
1399.23,30.2013
1400.23,30.1649
1401.23,30.1286
1402.23,30.0924
1403.23,30.0563
1404.23,30.0204
1405.23,29.9846
1406.23,29.9489
1407.23,29.9134
1408.23,29.878
1409.23,29.8427
1410.23,29.8075
1411.23,29.7724
1412.23,29.7375
1413.23,29.7027
1414.23,29.6681
1415.23,29.6335
1416.23,29.5991
1417.23,29.5648
1418.23,29.5306
1419.23,29.4966
1420.23,29.4626
1421.23,29.4288
1422.23,29.3951
1423.23,29.3616
1424.23,29.3281
1425.23,29.2948
1426.23,29.2616
1427.23,29.2285
1428.23,29.1955
1429.23,29.1626
1430.23,29.1299
1431.23,29.0973
1432.23,29.0648
1433.23,29.0324
1434.23,29.0001
1435.23,28.9679
1436.23,28.9359
1437.23,28.9039
1438.23,28.8721
1439.23,28.8404
1440.23,28.8088
1441.23,28.7774
1442.23,28.746
1443.23,28.7147
1444.23,28.6836
1445.23,28.6526
1446.23,28.6217
1447.23,28.5909
1448.23,28.5602
1449.23,28.5296
1450.23,28.4991
1451.23,28.4687
1452.23,28.4385
1453.23,28.4083
1454.23,28.3783
1455.23,28.3483
1456.23,28.3185
1457.23,28.2888
1458.23,28.2592
1459.23,28.2296
1460.23,28.2002
1461.23,28.1709
1462.23,28.1417
1463.23,28.1126
1464.23,28.0837
1465.23,28.0548
1466.23,28.026
1467.23,27.9973
1468.23,27.9687
1469.23,27.9403
1470.23,27.9119
1471.23,27.8836
1472.23,27.8555
1473.23,27.8274
1474.23,27.7994
1475.23,27.7716
1476.23,27.7438
1477.23,27.7161
1478.23,27.6886
1479.23,27.6611
1480.23,27.6337
1481.23,27.6064
1482.23,27.5793
1483.23,27.5522
1484.23,27.5252
1485.23,27.4983
1486.23,27.4715
1487.23,27.4448
1488.23,27.4182
1489.23,27.3917
1490.23,27.3653
1491.23,27.339
1492.23,27.3128
1493.23,27.2866
1494.23,27.2606
1495.23,27.2347
1496.23,27.2088
1497.23,27.1831
1498.23,27.1574
1499.23,27.1318
1500.23,27.1064
1501.23,27.081
1502.23,27.0557
1503.23,27.0305
1504.23,27.0054
1505.23,26.9803
1506.23,26.9554
1507.23,26.9306
1508.23,26.9058
1509.23,26.8812
1510.23,26.8566
1511.23,26.8321
1512.23,26.8077
1513.23,26.7834
1514.23,26.7592
1515.23,26.735
1516.23,26.711
1517.23,26.687
1518.23,26.6631
1519.23,26.6393
1520.23,26.6156
1521.23,26.592
1522.23,26.5685
1523.23,26.545
1524.23,26.5216
1525.23,26.4984
1526.23,26.4751
1527.23,26.452
1528.23,26.429
1529.23,26.406
1530.23,26.3832
1531.23,26.3604
1532.23,26.3377
1533.23,26.315
1534.23,26.2925
1535.23,26.27
1536.23,26.2476
1537.23,26.2253
1538.23,26.2031
1539.23,26.181
1540.23,26.1589
1541.23,26.1369
1542.23,26.115
1543.23,26.0932
1544.23,26.0714
1545.23,26.0497
1546.23,26.0281
1547.23,26.0066
1548.23,25.9852
1549.23,25.9638
1550.23,25.9425
1551.23,25.9213
1552.23,25.9001
1553.23,25.8791
1554.23,25.8581
1555.23,25.8372
1556.23,25.8163
1557.23,25.7956
1558.23,25.7749
1559.23,25.7543
1560.23,25.7337
1561.23,25.7132
1562.23,25.6929
1563.23,25.6725
1564.23,25.6523
1565.23,25.6321
1566.23,25.612
1567.23,25.592
1568.23,25.572
1569.23,25.5521
1570.23,25.5323
1571.23,25.5125
1572.23,25.4929
1573.23,25.4732
1574.23,25.4537
1575.23,25.4342
1576.23,25.4148
1577.23,25.3955
1578.23,25.3762
1579.23,25.357
1580.23,25.3379
1581.23,25.3189
1582.23,25.2999
1583.23,25.281
1584.23,25.2621
1585.23,25.2433
1586.23,25.2246
1587.23,25.206
1588.23,25.1874
1589.23,25.1688
1590.23,25.1504
1591.23,25.132
1592.23,25.1137
1593.23,25.0954
1594.23,25.0772
1595.23,25.0591
1596.23,25.0411
1597.23,25.0231
1598.23,25.0051
1599.23,24.9873
1600.23,24.9695
1601.23,24.9517
1602.23,24.934
1603.23,24.9164
1604.23,24.8989
1605.23,24.8814
1606.23,24.864
1607.23,24.8466
1608.23,24.8293
1609.23,24.8121
1610.23,24.7949
1611.23,24.7778
1612.23,24.7607
1613.23,24.7437
1614.23,24.7268
1615.23,24.7099
1616.23,24.6931
1617.23,24.6763
1618.23,24.6597
1619.23,24.643
1620.23,24.6264
1621.23,24.6099
1622.23,24.5935
1623.23,24.5771
1624.23,24.5607
1625.23,24.5445
1626.23,24.5282
1627.23,24.5121
1628.23,24.496
1629.23,24.4799
1630.23,24.4639
1631.23,24.448
1632.23,24.4321
1633.23,24.4163
1634.23,24.4005
1635.23,24.3848
1636.23,24.3692
1637.23,24.3536
1638.23,24.338
1639.23,24.3225
1640.23,24.3071
1641.23,24.2917
1642.23,24.2764
1643.23,24.2612
1644.23,24.2459
1645.23,24.2308
1646.23,24.2157
1647.23,24.2006
1648.23,24.1856
1649.23,24.1707
1650.23,24.1558
1651.23,24.141
1652.23,24.1262
1653.23,24.1115
1654.23,24.0968
1655.23,24.0822
1656.23,24.0676
1657.23,24.0531
1658.23,24.0386
1659.23,24.0242
1660.23,24.0098
1661.23,23.9955
1662.23,23.9812
1663.23,23.967
1664.23,23.9529
1665.23,23.9388
1666.23,23.9247
1667.23,23.9107
1668.23,23.8967
1669.23,23.8828
1670.23,23.869
1671.23,23.8552
1672.23,23.8414
1673.23,23.8277
1674.23,23.814
1675.23,23.8004
1676.23,23.7868
1677.23,23.7733
1678.23,23.7599
1679.23,23.7464
1680.23,23.7331
1681.23,23.7197
1682.23,23.7065
1683.23,23.6932
1684.23,23.68
1685.23,23.6669
1686.23,23.6538
1687.23,23.6408
1688.23,23.6278
1689.23,23.6148
1690.23,23.6019
1691.23,23.5891
1692.23,23.5763
1693.23,23.5635
1694.23,23.5508
1695.23,23.5381
1696.23,23.5255
1697.23,23.5129
1698.23,23.5004
1699.23,23.4879
1700.23,23.4754
1701.23,23.463
1702.23,23.4506
1703.23,23.4383
1704.23,23.4261
1705.23,23.4138
1706.23,23.4016
1707.23,23.3895
1708.23,23.3774
1709.23,23.3653
1710.23,23.3533
1711.23,23.3414
1712.23,23.3294
1713.23,23.3175
1714.23,23.3057
1715.23,23.2939
1716.23,23.2821
1717.23,23.2704
1718.23,23.2588
1719.23,23.2471
1720.23,23.2355
1721.23,23.224
1722.23,23.2125
1723.23,23.201
1724.23,23.1896
1725.23,23.1782
1726.23,23.1669
1727.23,23.1556
1728.23,23.1443
1729.23,23.1331
1730.23,23.1219
1731.23,23.1107
1732.23,23.0996
1733.23,23.0886
1734.23,23.0776
1735.23,23.0666
1736.23,23.0556
1737.23,23.0447
1738.23,23.0338
1739.23,23.023
1740.23,23.0122
1741.23,23.0015
1742.23,22.9908
1743.23,22.9801
1744.23,22.9694
1745.23,22.9589
1746.23,22.9483
1747.23,22.9378
1748.23,22.9273
1749.23,22.9168
1750.23,22.9064
1751.23,22.896
1752.23,22.8857
1753.23,22.8754
1754.23,22.8651
1755.23,22.8549
1756.23,22.8447
1757.23,22.8346
1758.23,22.8245
1759.23,22.8144
1760.23,22.8043
1761.23,22.7943
1762.23,22.7843
1763.23,22.7744
1764.23,22.7645
1765.23,22.7546
1766.23,22.7448
1767.23,22.735
1768.23,22.7253
1769.23,22.7155
1770.23,22.7058
1771.23,22.6962
1772.23,22.6865
1773.23,22.677
1774.23,22.6674
1775.23,22.6579
1776.23,22.6484
1777.23,22.6389
1778.23,22.6295
1779.23,22.6201
1780.23,22.6108
1781.23,22.6015
1782.23,22.5922
1783.23,22.5829
1784.23,22.5737
1785.23,22.5645
1786.23,22.5554
1787.23,22.5463
1788.23,22.5372
1789.23,22.5281
1790.23,22.5191
1791.23,22.5101
1792.23,22.5011
1793.23,22.4922
1794.23,22.4833
1795.23,22.4744
1796.23,22.4656
1797.23,22.4568
1798.23,22.448
1799.23,22.4393
1800.23,22.4306
1801.23,22.4219
1802.23,22.4133
1803.23,22.4047
1804.23,22.3961
1805.23,22.3875
1806.23,22.379
1807.23,22.3705
1808.23,22.3621
1809.23,22.3536
1810.23,22.3452
1811.23,22.3369
1812.23,22.3285
1813.23,22.3202
1814.23,22.3119
1815.23,22.3037
1816.23,22.2955
1817.23,22.2873
1818.23,22.2791
1819.23,22.271
1820.23,22.2629
1821.23,22.2548
1822.23,22.2467
1823.23,22.2387
1824.23,22.2307
1825.23,22.2228
1826.23,22.2148
1827.23,22.2069
1828.23,22.199
1829.23,22.1912
1830.23,22.1834
1831.23,22.1756
1832.23,22.1678
1833.23,22.1601
1834.23,22.1524
1835.23,22.1447
1836.23,22.137
1837.23,22.1294
1838.23,22.1218
1839.23,22.1142
1840.23,22.1067
1841.23,22.0992
1842.23,22.0917
1843.23,22.0842
1844.23,22.0768
1845.23,22.0694
1846.23,22.062
1847.23,22.0546
1848.23,22.0473
1849.23,22.04
1850.23,22.0327
1851.23,22.0254
1852.23,22.0182
1853.23,22.011
1854.23,22.0038
1855.23,21.9967
1856.23,21.9896
1857.23,21.9825
1858.23,21.9754
1859.23,21.9683
1860.23,21.9613
1861.23,21.9543
1862.23,21.9473
1863.23,21.9404
1864.23,21.9334
1865.23,21.9265
1866.23,21.9197
1867.23,21.9128
1868.23,21.906
1869.23,21.8992
1870.23,21.8924
1871.23,21.8857
1872.23,21.8789
1873.23,21.8722
1874.23,21.8655
1875.23,21.8589
1876.23,21.8522
1877.23,21.8456
1878.23,21.8391
1879.23,21.8325
1880.23,21.8259
1881.23,21.8194
1882.23,21.8129
1883.23,21.8065
1884.23,21.8
1885.23,21.7936
1886.23,21.7872
1887.23,21.7808
1888.23,21.7745
1889.23,21.7681
1890.23,21.7618
1891.23,21.7555
1892.23,21.7493
1893.23,21.743
1894.23,21.7368
1895.23,21.7306
1896.23,21.7244
1897.23,21.7183
1898.23,21.7121
1899.23,21.706
1900.23,21.6999
1901.23,21.6939
1902.23,21.6878
1903.23,21.6818
1904.23,21.6758
1905.23,21.6698
1906.23,21.6639
1907.23,21.6579
1908.23,21.652
1909.23,21.6461
1910.23,21.6402
1911.23,21.6344
1912.23,21.6285
1913.23,21.6227
1914.23,21.6169
1915.23,21.6112
1916.23,21.6054
1917.23,21.5997
1918.23,21.594
1919.23,21.5883
1920.23,21.5826
1921.23,21.577
1922.23,21.5713
1923.23,21.5657
1924.23,21.5601
1925.23,21.5546
1926.23,21.549
1927.23,21.5435
1928.23,21.538
1929.23,21.5325
1930.23,21.527
1931.23,21.5216
1932.23,21.5162
1933.23,21.5107
1934.23,21.5054
1935.23,21.5
1936.23,21.4946
1937.23,21.4893
1938.23,21.484
1939.23,21.4787
1940.23,21.4734
1941.23,21.4681
1942.23,21.4629
1943.23,21.4577
1944.23,21.4525
1945.23,21.4473
1946.23,21.4421
1947.23,21.437
1948.23,21.4319
1949.23,21.4267
1950.23,21.4217
1951.23,21.4166
1952.23,21.4115
1953.23,21.4065
1954.23,21.4015
1955.23,21.3965
1956.23,21.3915
1957.23,21.3865
1958.23,21.3816
1959.23,21.3766
1960.23,21.3717
1961.23,21.3668
1962.23,21.3619
1963.23,21.3571
1964.23,21.3522
1965.23,21.3474
1966.23,21.3426
1967.23,21.3378
1968.23,21.333
1969.23,21.3283
1970.23,21.3235
1971.23,21.3188
1972.23,21.3141
1973.23,21.3094
1974.23,21.3048
1975.23,21.3001
1976.23,21.2955
1977.23,21.2908
1978.23,21.2862
1979.23,21.2816
1980.23,21.2771
1981.23,21.2725
1982.23,21.268
1983.23,21.2634
1984.23,21.2589
1985.23,21.2544
1986.23,21.25
1987.23,21.2455
1988.23,21.241
1989.23,21.2366
1990.23,21.2322
1991.23,21.2278
1992.23,21.2234
1993.23,21.2191
1994.23,21.2147
1995.23,21.2104
1996.23,21.2061
1997.23,21.2017
1998.23,21.1975
1999.23,21.1932
2000.23,21.1889
2001.23,21.1847
2002.23,21.1805
2003.23,21.1762
2004.23,21.172
2005.23,21.1679
2006.23,21.1637
2007.23,21.1595
2008.23,21.1554
2009.23,21.1513
2010.23,21.1472
2011.23,21.1431
2012.23,21.139
2013.23,21.1349
2014.23,21.1309
2015.23,21.1268
2016.23,21.1228
2017.23,21.1188
2018.23,21.1148
2019.23,21.1108
2020.23,21.1069
2021.23,21.1029
2022.23,21.099
2023.23,21.0951
2024.23,21.0912
2025.23,21.0873
2026.23,21.0834
2027.23,21.0795
2028.23,21.0757
2029.23,21.0718
2030.23,21.068
2031.23,21.0642
2032.23,21.0604
2033.23,21.0566
2034.23,21.0528
2035.23,21.0491
2036.23,21.0453
2037.23,21.0416
2038.23,21.0379
2039.23,21.0342
2040.23,21.0305
2041.23,21.0268
2042.23,21.0232
2043.23,21.0195
2044.23,21.0159
2045.23,21.0122
2046.23,21.0086
2047.23,21.005
2048.23,21.0014
2049.23,20.9979
2050.23,20.9943
2051.23,20.9908
2052.23,20.9872
2053.23,20.9837
2054.23,20.9802
2055.23,20.9767
2056.23,20.9732
2057.23,20.9697
2058.23,20.9663
2059.23,20.9628
2060.23,20.9594
2061.23,20.956
2062.23,20.9525
2063.23,20.9492
2064.23,20.9458
2065.23,20.9424
2066.23,20.939
2067.23,20.9357
2068.23,20.9323
2069.23,20.929
2070.23,20.9257
2071.23,20.9224
2072.23,20.9191
2073.23,20.9158
2074.23,20.9125
2075.23,20.9093
2076.23,20.906
2077.23,20.9028
2078.23,20.8996
2079.23,20.8964
2080.23,20.8932
2081.23,20.89
2082.23,20.8868
2083.23,20.8837
2084.23,20.8805
2085.23,20.8774
2086.23,20.8742
2087.23,20.8711
2088.23,20.868
2089.23,20.8649
2090.23,20.8618
2091.23,20.8587
2092.23,20.8557
2093.23,20.8526
2094.23,20.8496
2095.23,20.8465
2096.23,20.8435
2097.23,20.8405
2098.23,20.8375
2099.23,20.8345
2100.23,20.8315
2101.23,20.8286
2102.23,20.8256
2103.23,20.8227
2104.23,20.8197
2105.23,20.8168
2106.23,20.8139
2107.23,20.811
2108.23,20.8081
2109.23,20.8052
2110.23,20.8023
2111.23,20.7995
2112.23,20.7966
2113.23,20.7938
2114.23,20.7909
2115.23,20.7881
2116.23,20.7853
2117.23,20.7825
2118.23,20.7797
2119.23,20.7769
2120.23,20.7742
2121.23,20.7714
2122.23,20.7686
2123.23,20.7659
2124.23,20.7632
2125.23,20.7604
2126.23,20.7577
2127.23,20.755
2128.23,20.7523
2129.23,20.7496
2130.23,20.747
2131.23,20.7443
2132.23,20.7416
2133.23,20.739
2134.23,20.7364
2135.23,20.7337
2136.23,20.7311
2137.23,20.7285
2138.23,20.7259
2139.23,20.7233
2140.23,20.7207
2141.23,20.7182
2142.23,20.7156
2143.23,20.713
2144.23,20.7105
2145.23,20.708
2146.23,20.7054
2147.23,20.7029
2148.23,20.7004
2149.23,20.6979
2150.23,20.6954
2151.23,20.6929
2152.23,20.6905
2153.23,20.688
2154.23,20.6856
2155.23,20.6831
2156.23,20.6807
2157.23,20.6782
2158.23,20.6758
2159.23,20.6734
2160.23,20.671
2161.23,20.6686
2162.23,20.6662
2163.23,20.6638
2164.23,20.6615
2165.23,20.6591
2166.23,20.6568
2167.23,20.6544
2168.23,20.6521
2169.23,20.6498
2170.23,20.6474
2171.23,20.6451
2172.23,20.6428
2173.23,20.6405
2174.23,20.6382
2175.23,20.636
2176.23,20.6337
2177.23,20.6314
2178.23,20.6292
2179.23,20.6269
2180.23,20.6247
2181.23,20.6225
2182.23,20.6202
2183.23,20.618
2184.23,20.6158
2185.23,20.6136
2186.23,20.6114
2187.23,20.6093
2188.23,20.6071
2189.23,20.6049
2190.23,20.6028
2191.23,20.6006
2192.23,20.5985
2193.23,20.5963
2194.23,20.5942
2195.23,20.5921
2196.23,20.59
2197.23,20.5879
2198.23,20.5858
2199.23,20.5837
2200.23,20.5816
2201.23,20.5795
2202.23,20.5774
2203.23,20.5754
2204.23,20.5733
2205.23,20.5713
2206.23,20.5692
2207.23,20.5672
2208.23,20.5652
2209.23,20.5632
2210.23,20.5612
2211.23,20.5592
2212.23,20.5572
2213.23,20.5552
2214.23,20.5532
2215.23,20.5512
2216.23,20.5493
2217.23,20.5473
2218.23,20.5453
2219.23,20.5434
2220.23,20.5415
2221.23,20.5395
2222.23,20.5376
2223.23,20.5357
2224.23,20.5338
2225.23,20.5319
2226.23,20.53
2227.23,20.5281
2228.23,20.5262
2229.23,20.5243
2230.23,20.5224
2231.23,20.5206
2232.23,20.5187
2233.23,20.5169
2234.23,20.515
2235.23,20.5132
2236.23,20.5114
2237.23,20.5095
2238.23,20.5077
2239.23,20.5059
2240.23,20.5041
2241.23,20.5023
2242.23,20.5005
2243.23,20.4987
2244.23,20.4969
2245.23,20.4952
2246.23,20.4934
2247.23,20.4916
2248.23,20.4899
2249.23,20.4881
2250.23,20.4864
2251.23,20.4847
2252.23,20.4829
2253.23,20.4812
2254.23,20.4795
2255.23,20.4778
2256.23,20.4761
2257.23,20.4744
2258.23,20.4727
2259.23,20.471
2260.23,20.4693
2261.23,20.4676
2262.23,20.466
2263.23,20.4643
2264.23,20.4626
2265.23,20.461
2266.23,20.4593
2267.23,20.4577
2268.23,20.4561
2269.23,20.4544
2270.23,20.4528
2271.23,20.4512
2272.23,20.4496
2273.23,20.448
2274.23,20.4464
2275.23,20.4448
2276.23,20.4432
2277.23,20.4416
2278.23,20.4401
2279.23,20.4385
2280.23,20.4369
2281.23,20.4354
2282.23,20.4338
2283.23,20.4323
2284.23,20.4307
2285.23,20.4292
2286.23,20.4276
2287.23,20.4261
2288.23,20.4246
2289.23,20.4231
2290.23,20.4216
2291.23,20.4201
2292.23,20.4186
2293.23,20.4171
2294.23,20.4156
2295.23,20.4141
2296.23,20.4126
2297.23,20.4112
2298.23,20.4097
2299.23,20.4082
2300.23,20.4068
2301.23,20.4053
2302.23,20.4039
2303.23,20.4024
2304.23,20.401
2305.23,20.3996
2306.23,20.3981
2307.23,20.3967
2308.23,20.3953
2309.23,20.3939
2310.23,20.3925
2311.23,20.3911
2312.23,20.3897
2313.23,20.3883
2314.23,20.3869
2315.23,20.3855
2316.23,20.3842
2317.23,20.3828
2318.23,20.3814
2319.23,20.3801
2320.23,20.3787
2321.23,20.3773
2322.23,20.376
2323.23,20.3747
2324.23,20.3733
2325.23,20.372
2326.23,20.3707
2327.23,20.3693
2328.23,20.368
2329.23,20.3667
2330.23,20.3654
2331.23,20.3641
2332.23,20.3628
2333.23,20.3615
2334.23,20.3602
2335.23,20.3589
2336.23,20.3576
2337.23,20.3564
2338.23,20.3551
2339.23,20.3538
2340.23,20.3526
2341.23,20.3513
2342.23,20.3501
2343.23,20.3488
2344.23,20.3476
2345.23,20.3463
2346.23,20.3451
2347.23,20.3439
2348.23,20.3426
2349.23,20.3414
2350.23,20.3402
2351.23,20.339
2352.23,20.3378
2353.23,20.3366
2354.23,20.3354
2355.23,20.3342
2356.23,20.333
2357.23,20.3318
2358.23,20.3306
2359.23,20.3294
2360.23,20.3282
2361.23,20.3271
2362.23,20.3259
2363.23,20.3247
2364.23,20.3236
2365.23,20.3224
2366.23,20.3213
2367.23,20.3201
2368.23,20.319
2369.23,20.3178
2370.23,20.3167
2371.23,20.3156
2372.23,20.3145
2373.23,20.3133
2374.23,20.3122
2375.23,20.3111
2376.23,20.31
2377.23,20.3089
2378.23,20.3078
2379.23,20.3067
2380.23,20.3056
2381.23,20.3045
2382.23,20.3034
2383.23,20.3023
2384.23,20.3012
2385.23,20.3002
2386.23,20.2991
2387.23,20.298
2388.23,20.297
2389.23,20.2959
2390.23,20.2949
2391.23,20.2938
2392.23,20.2928
2393.23,20.2917
2394.23,20.2907
2395.23,20.2896
2396.23,20.2886
2397.23,20.2876
2398.23,20.2865
2399.23,20.2855
2400.23,20.2845
2401.23,20.2835
2402.23,20.2825
2403.23,20.2815
2404.23,20.2805
2405.23,20.2795
2406.23,20.2785
2407.23,20.2775
2408.23,20.2765
2409.23,20.2755
2410.23,20.2745
2411.23,20.2735
2412.23,20.2726
2413.23,20.2716
2414.23,20.2706
2415.23,20.2696
2416.23,20.2687
2417.23,20.2677
2418.23,20.2668
2419.23,20.2658
2420.23,20.2649
2421.23,20.2639
2422.23,20.263
2423.23,20.262
2424.23,20.2611
2425.23,20.2602
2426.23,20.2592
2427.23,20.2583
2428.23,20.2574
2429.23,20.2565
2430.23,20.2556
2431.23,20.2547
2432.23,20.2537
2433.23,20.2528
2434.23,20.2519
2435.23,20.251
2436.23,20.2501
2437.23,20.2492
2438.23,20.2484
2439.23,20.2475
2440.23,20.2466
2441.23,20.2457
2442.23,20.2448
2443.23,20.244
2444.23,20.2431
2445.23,20.2422
2446.23,20.2414
2447.23,20.2405
2448.23,20.2396
2449.23,20.2388
2450.23,20.2379
2451.23,20.2371
2452.23,20.2362
2453.23,20.2354
2454.23,20.2346
2455.23,20.2337
2456.23,20.2329
2457.23,20.232
2458.23,20.2312
2459.23,20.2304
2460.23,20.2296
2461.23,20.2288
2462.23,20.2279
2463.23,20.2271
2464.23,20.2263
2465.23,20.2255
2466.23,20.2247
2467.23,20.2239
2468.23,20.2231
2469.23,20.2223
2470.23,20.2215
2471.23,20.2207
2472.23,20.2199
2473.23,20.2191
2474.23,20.2184
2475.23,20.2176
2476.23,20.2168
2477.23,20.216
2478.23,20.2153
2479.23,20.2145
2480.23,20.2137
2481.23,20.213
2482.23,20.2122
2483.23,20.2115
2484.23,20.2107
2485.23,20.2099
2486.23,20.2092
2487.23,20.2084
2488.23,20.2077
2489.23,20.207
2490.23,20.2062
2491.23,20.2055
2492.23,20.2048
2493.23,20.204
2494.23,20.2033
2495.23,20.2026
2496.23,20.2018
2497.23,20.2011
2498.23,20.2004
2499.23,20.1997
2500.23,20.199
2501.23,20.1983
2502.23,20.1976
2503.23,20.1969
2504.23,20.1962
2505.23,20.1955
2506.23,20.1948
2507.23,20.1941
2508.23,20.1934
2509.23,20.1927
2510.23,20.192
2511.23,20.1913
2512.23,20.1906
2513.23,20.1899
2514.23,20.1893
2515.23,20.1886
2516.23,20.1879
2517.23,20.1872
2518.23,20.1866
2519.23,20.1859
2520.23,20.1853
2521.23,20.1846
2522.23,20.1839
2523.23,20.1833
2524.23,20.1826
2525.23,20.182
2526.23,20.1813
2527.23,20.1807
2528.23,20.18
2529.23,20.1794
2530.23,20.1787
2531.23,20.1781
2532.23,20.1775
2533.23,20.1768
2534.23,20.1762
2535.23,20.1756
2536.23,20.175
2537.23,20.1743
2538.23,20.1737
2539.23,20.1731
2540.23,20.1725
2541.23,20.1719
2542.23,20.1712
2543.23,20.1706
2544.23,20.17
2545.23,20.1694
2546.23,20.1688
2547.23,20.1682
2548.23,20.1676
2549.23,20.167
2550.23,20.1664
2551.23,20.1658
2552.23,20.1652
2553.23,20.1646
2554.23,20.164
2555.23,20.1635
2556.23,20.1629
2557.23,20.1623
2558.23,20.1617
2559.23,20.1611
2560.23,20.1606
2561.23,20.16
2562.23,20.1594
2563.23,20.1589
2564.23,20.1583
2565.23,20.1577
2566.23,20.1572
2567.23,20.1566
2568.23,20.156
2569.23,20.1555
2570.23,20.1549
2571.23,20.1544
2572.23,20.1538
2573.23,20.1533
2574.23,20.1527
2575.23,20.1522
2576.23,20.1516
2577.23,20.1511
2578.23,20.1506
2579.23,20.15
2580.23,20.1495
2581.23,20.149
2582.23,20.1484
2583.23,20.1479
2584.23,20.1474
2585.23,20.1468
2586.23,20.1463
2587.23,20.1458
2588.23,20.1453
2589.23,20.1448
2590.23,20.1442
2591.23,20.1437
2592.23,20.1432
2593.23,20.1427
2594.23,20.1422
2595.23,20.1417
2596.23,20.1412
2597.23,20.1407
2598.23,20.1402
2599.23,20.1397
2600.23,20.1392
2601.23,20.1387
2602.23,20.1382
2603.23,20.1377
2604.23,20.1372
2605.23,20.1367
2606.23,20.1362
2607.23,20.1357
2608.23,20.1352
2609.23,20.1348
2610.23,20.1343
2611.23,20.1338
2612.23,20.1333
2613.23,20.1329
2614.23,20.1324
2615.23,20.1319
2616.23,20.1314
2617.23,20.131
2618.23,20.1305
2619.23,20.13
2620.23,20.1296
2621.23,20.1291
2622.23,20.1286
2623.23,20.1282
2624.23,20.1277
2625.23,20.1273
2626.23,20.1268
2627.23,20.1264
2628.23,20.1259
2629.23,20.1255
2630.23,20.125
2631.23,20.1246
2632.23,20.1241
2633.23,20.1237
2634.23,20.1232
2635.23,20.1228
2636.23,20.1224
2637.23,20.1219
2638.23,20.1215
2639.23,20.1211
2640.23,20.1206
2641.23,20.1202
2642.23,20.1198
2643.23,20.1193
2644.23,20.1189
2645.23,20.1185
2646.23,20.1181
2647.23,20.1176
2648.23,20.1172
2649.23,20.1168
2650.23,20.1164
2651.23,20.116
2652.23,20.1156
2653.23,20.1151
2654.23,20.1147
2655.23,20.1143
2656.23,20.1139
2657.23,20.1135
2658.23,20.1131
2659.23,20.1127
2660.23,20.1123
2661.23,20.1119
2662.23,20.1115
2663.23,20.1111
2664.23,20.1107
2665.23,20.1103
2666.23,20.1099
2667.23,20.1095
2668.23,20.1091
2669.23,20.1087
2670.23,20.1084
2671.23,20.108
2672.23,20.1076
2673.23,20.1072
2674.23,20.1068
2675.23,20.1064
2676.23,20.1061
2677.23,20.1057
2678.23,20.1053
2679.23,20.1049
2680.23,20.1046
2681.23,20.1042
2682.23,20.1038
2683.23,20.1034
2684.23,20.1031
2685.23,20.1027
2686.23,20.1023
2687.23,20.102
2688.23,20.1016
2689.23,20.1012
2690.23,20.1009
2691.23,20.1005
2692.23,20.1002
2693.23,20.0998
2694.23,20.0994
2695.23,20.0991
2696.23,20.0987
2697.23,20.0984
2698.23,20.098
2699.23,20.0977
2700.23,20.0973
2701.23,20.097
2702.23,20.0966
2703.23,20.0963
2704.23,20.096
2705.23,20.0956
2706.23,20.0953
2707.23,20.0949
2708.23,20.0946
2709.23,20.0943
2710.23,20.0939
2711.23,20.0936
2712.23,20.0933
2713.23,20.0929
2714.23,20.0926
2715.23,20.0923
2716.23,20.0919
2717.23,20.0916
2718.23,20.0913
2719.23,20.0909
2720.23,20.0906
2721.23,20.0903
2722.23,20.09
2723.23,20.0897
2724.23,20.0893
2725.23,20.089
2726.23,20.0887
2727.23,20.0884
2728.23,20.0881
2729.23,20.0878
2730.23,20.0874
2731.23,20.0871
2732.23,20.0868
2733.23,20.0865
2734.23,20.0862
2735.23,20.0859
2736.23,20.0856
2737.23,20.0853
2738.23,20.085
2739.23,20.0847
2740.23,20.0844
2741.23,20.0841
2742.23,20.0838
2743.23,20.0835
2744.23,20.0832
2745.23,20.0829
2746.23,20.0826
2747.23,20.0823
2748.23,20.082
2749.23,20.0817
2750.23,20.0814
2751.23,20.0811
2752.23,20.0808
2753.23,20.0805
2754.23,20.0802
2755.23,20.08
2756.23,20.0797
2757.23,20.0794
2758.23,20.0791
2759.23,20.0788
2760.23,20.0785
2761.23,20.0783
2762.23,20.078
2763.23,20.0777
2764.23,20.0774
2765.23,20.0772
2766.23,20.0769
2767.23,20.0766
2768.23,20.0763
2769.23,20.0761
2770.23,20.0758
2771.23,20.0755
2772.23,20.0752
2773.23,20.075
2774.23,20.0747
2775.23,20.0744
2776.23,20.0742
2777.23,20.0739
2778.23,20.0737
2779.23,20.0734
2780.23,20.0731
2781.23,20.0729
2782.23,20.0726
2783.23,20.0723
2784.23,20.0721
2785.23,20.0718
2786.23,20.0716
2787.23,20.0713
2788.23,20.0711
2789.23,20.0708
2790.23,20.0706
2791.23,20.0703
2792.23,20.0701
2793.23,20.0698
2794.23,20.0696
2795.23,20.0693
2796.23,20.0691
2797.23,20.0688
2798.23,20.0686
2799.23,20.0683
2800.23,20.0681
2801.23,20.0678
2802.23,20.0676
2803.23,20.0674
2804.23,20.0671
2805.23,20.0669
2806.23,20.0666
2807.23,20.0664
2808.23,20.0662
2809.23,20.0659
2810.23,20.0657
2811.23,20.0655
2812.23,20.0652
2813.23,20.065
2814.23,20.0648
2815.23,20.0645
2816.23,20.0643
2817.23,20.0641
2818.23,20.0638
2819.23,20.0636
2820.23,20.0634
2821.23,20.0632
2822.23,20.0629
2823.23,20.0627
2824.23,20.0625
2825.23,20.0623
2826.23,20.062
2827.23,20.0618
2828.23,20.0616
2829.23,20.0614
2830.23,20.0612
2831.23,20.0609
2832.23,20.0607
2833.23,20.0605
2834.23,20.0603
2835.23,20.0601
2836.23,20.0599
2837.23,20.0596
2838.23,20.0594
2839.23,20.0592
2840.23,20.059
2841.23,20.0588
2842.23,20.0586
2843.23,20.0584
2844.23,20.0582
2845.23,20.058
2846.23,20.0578
2847.23,20.0575
2848.23,20.0573
2849.23,20.0571
2850.23,20.0569
2851.23,20.0567
2852.23,20.0565
2853.23,20.0563
2854.23,20.0561
2855.23,20.0559
2856.23,20.0557
2857.23,20.0555
2858.23,20.0553
2859.23,20.0551
2860.23,20.0549
2861.23,20.0547
2862.23,20.0545
2863.23,20.0543
2864.23,20.0542
2865.23,20.054
2866.23,20.0538
2867.23,20.0536
2868.23,20.0534
2869.23,20.0532
2870.23,20.053
2871.23,20.0528
2872.23,20.0526
2873.23,20.0524
2874.23,20.0523
2875.23,20.0521
2876.23,20.0519
2877.23,20.0517
2878.23,20.0515
2879.23,20.0513
2880.23,20.0511
2881.23,20.051
2882.23,20.0508
2883.23,20.0506
2884.23,20.0504
2885.23,20.0502
2886.23,20.0501
2887.23,20.0499
2888.23,20.0497
2889.23,20.0495
2890.23,20.0493
2891.23,20.0492
2892.23,20.049
2893.23,20.0488
2894.23,20.0486
2895.23,20.0485
2896.23,20.0483
2897.23,20.0481
2898.23,20.048
2899.23,20.0478
2900.23,20.0476
2901.23,20.0474
2902.23,20.0473
2903.23,20.0471
2904.23,20.0469
2905.23,20.0468
2906.23,20.0466
2907.23,20.0464
2908.23,20.0463
2909.23,20.0461
2910.23,20.0459
2911.23,20.0458
2912.23,20.0456
2913.23,20.0455
2914.23,20.0453
2915.23,20.0451
2916.23,20.045
2917.23,20.0448
2918.23,20.0446
2919.23,20.0445
2920.23,20.0443
2921.23,20.0442
2922.23,20.044
2923.23,20.0439
2924.23,20.0437
2925.23,20.0435
2926.23,20.0434
2927.23,20.0432
2928.23,20.0431
2929.23,20.0429
2930.23,20.0428
2931.23,20.0426
2932.23,20.0425
2933.23,20.0423
2934.23,20.0422
2935.23,20.042
2936.23,20.0419
2937.23,20.0417
2938.23,20.0416
2939.23,20.0414
2940.23,20.0413
2941.23,20.0411
2942.23,20.041
2943.23,20.0408
2944.23,20.0407
2945.23,20.0405
2946.23,20.0404
2947.23,20.0403
2948.23,20.0401
2949.23,20.04
2950.23,20.0398
2951.23,20.0397
2952.23,20.0395
2953.23,20.0394
2954.23,20.0393
2955.23,20.0391
2956.23,20.039
2957.23,20.0388
2958.23,20.0387
2959.23,20.0386
2960.23,20.0384
2961.23,20.0383
2962.23,20.0381
2963.23,20.038
2964.23,20.0379
2965.23,20.0377
2966.23,20.0376
2967.23,20.0375
2968.23,20.0373
2969.23,20.0372
2970.23,20.0371
2971.23,20.0369
2972.23,20.0368
2973.23,20.0367
2974.23,20.0365
2975.23,20.0364
2976.23,20.0363
2977.23,20.0362
2978.23,20.036
2979.23,20.0359
2980.23,20.0358
2981.23,20.0356
2982.23,20.0355
2983.23,20.0354
2984.23,20.0353
2985.23,20.0351
2986.23,20.035
2987.23,20.0349
2988.23,20.0348
2989.23,20.0346
2990.23,20.0345
2991.23,20.0344
2992.23,20.0343
2993.23,20.0341
2994.23,20.034
2995.23,20.0339
2996.23,20.0338
2997.23,20.0337
2998.23,20.0335
2999.23,20.0334
3000.23,20.0333
3001.23,20.0332
3002.23,20.0331
3003.23,20.0329
3004.23,20.0328
3005.23,20.0327
3006.23,20.0326
3007.23,20.0325
3008.23,20.0324
3009.23,20.0322
3010.23,20.0321
3011.23,20.032
3012.23,20.0319
3013.23,20.0318
3014.23,20.0317
3015.23,20.0316
3016.23,20.0315
3017.23,20.0313
3018.23,20.0312
3019.23,20.0311
3020.23,20.031
3021.23,20.0309
3022.23,20.0308
3023.23,20.0307
3024.23,20.0306
3025.23,20.0305
3026.23,20.0303
3027.23,20.0302
3028.23,20.0301
3029.23,20.03
3030.23,20.0299
3031.23,20.0298
3032.23,20.0297
3033.23,20.0296
3034.23,20.0295
3035.23,20.0294
3036.23,20.0293
3037.23,20.0292
3038.23,20.0291
3039.23,20.029
3040.23,20.0289
3041.23,20.0288
3042.23,20.0287
3043.23,20.0286
3044.23,20.0285
3045.23,20.0284
3046.23,20.0283
3047.23,20.0282
3048.23,20.0281
3049.23,20.028
3050.23,20.0279
3051.23,20.0278
3052.23,20.0277
3053.23,20.0276
3054.23,20.0275
3055.23,20.0274
3056.23,20.0273
3057.23,20.0272
3058.23,20.0271
3059.23,20.027
3060.23,20.0269
3061.23,20.0268
3062.23,20.0267
3063.23,20.0266
3064.23,20.0265
3065.23,20.0264
3066.23,20.0263
3067.23,20.0262
3068.23,20.0261
3069.23,20.026
3070.23,20.0259
3071.23,20.0258
3072.23,20.0257
3073.23,20.0257
3074.23,20.0256
3075.23,20.0255
3076.23,20.0254
3077.23,20.0253
3078.23,20.0252
3079.23,20.0251
3080.23,20.025
3081.23,20.0249
3082.23,20.0248
3083.23,20.0248
3084.23,20.0247
3085.23,20.0246
3086.23,20.0245
3087.23,20.0244
3088.23,20.0243
3089.23,20.0242
3090.23,20.0241
3091.23,20.0241
3092.23,20.024
3093.23,20.0239
3094.23,20.0238
3095.23,20.0237
3096.23,20.0236
3097.23,20.0235
3098.23,20.0235
3099.23,20.0234
3100.23,20.0233
3101.23,20.0232
3102.23,20.0231
3103.23,20.023
3104.23,20.023
3105.23,20.0229
3106.23,20.0228
3107.23,20.0227
3108.23,20.0226
3109.23,20.0226
3110.23,20.0225
3111.23,20.0224
3112.23,20.0223
3113.23,20.0222
3114.23,20.0222
3115.23,20.0221
3116.23,20.022
3117.23,20.0219
3118.23,20.0218
3119.23,20.0218
3120.23,20.0217
3121.23,20.0216
3122.23,20.0215
3123.23,20.0215
3124.23,20.0214
3125.23,20.0213
3126.23,20.0212
3127.23,20.0211
3128.23,20.0211
3129.23,20.021
3130.23,20.0209
3131.23,20.0208
3132.23,20.0208
3133.23,20.0207
3134.23,20.0206
3135.23,20.0206
3136.23,20.0205
3137.23,20.0204
3138.23,20.0203
3139.23,20.0203
3140.23,20.0202
3141.23,20.0201
3142.23,20.02
3143.23,20.02
3144.23,20.0199
3145.23,20.0198
3146.23,20.0198
3147.23,20.0197
3148.23,20.0196
3149.23,20.0196
3150.23,20.0195
3151.23,20.0194
3152.23,20.0193
3153.23,20.0193
3154.23,20.0192
3155.23,20.0191
3156.23,20.0191
3157.23,20.019
3158.23,20.0189
3159.23,20.0189
3160.23,20.0188
3161.23,20.0187
3162.23,20.0187
3163.23,20.0186
3164.23,20.0185
3165.23,20.0185
3166.23,20.0184
3167.23,20.0183
3168.23,20.0183
3169.23,20.0182
3170.23,20.0181
3171.23,20.0181
3172.23,20.018
3173.23,20.0179
3174.23,20.0179
3175.23,20.0178
3176.23,20.0178
3177.23,20.0177
3178.23,20.0176
3179.23,20.0176
3180.23,20.0175
3181.23,20.0174
3182.23,20.0174
3183.23,20.0173
3184.23,20.0173
3185.23,20.0172
3186.23,20.0171
3187.23,20.0171
3188.23,20.017
3189.23,20.0169
3190.23,20.0169
3191.23,20.0168
3192.23,20.0168
3193.23,20.0167
3194.23,20.0166
3195.23,20.0166
3196.23,20.0165
3197.23,20.0165
3198.23,20.0164
3199.23,20.0163
3200.23,20.0163
3201.23,20.0162
3202.23,20.0162
3203.23,20.0161
3204.23,20.0161
3205.23,20.016
3206.23,20.0159
3207.23,20.0159
3208.23,20.0158
3209.23,20.0158
3210.23,20.0157
3211.23,20.0157
3212.23,20.0156
3213.23,20.0156
3214.23,20.0155
3215.23,20.0154
3216.23,20.0154
3217.23,20.0153
3218.23,20.0153
3219.23,20.0152
3220.23,20.0152
3221.23,20.0151
3222.23,20.0151
3223.23,20.015
3224.23,20.015
3225.23,20.0149
3226.23,20.0148
3227.23,20.0148
3228.23,20.0147
3229.23,20.0147
3230.23,20.0146
3231.23,20.0146
3232.23,20.0145
3233.23,20.0145
3234.23,20.0144
3235.23,20.0144
3236.23,20.0143
3237.23,20.0143
3238.23,20.0142
3239.23,20.0142
3240.23,20.0141
3241.23,20.0141
3242.23,20.014
3243.23,20.014
3244.23,20.0139
3245.23,20.0139
3246.23,20.0138
3247.23,20.0138
3248.23,20.0137
3249.23,20.0137
3250.23,20.0136
3251.23,20.0136
3252.23,20.0135
3253.23,20.0135
3254.23,20.0134
3255.23,20.0134
3256.23,20.0133
3257.23,20.0133
3258.23,20.0132
3259.23,20.0132
3260.23,20.0131
3261.23,20.0131
3262.23,20.0131
3263.23,20.013
3264.23,20.013
3265.23,20.0129
3266.23,20.0129
3267.23,20.0128
3268.23,20.0128
3269.23,20.0127
3270.23,20.0127
3271.23,20.0126
3272.23,20.0126
3273.23,20.0125
3274.23,20.0125
3275.23,20.0125
3276.23,20.0124
3277.23,20.0124
3278.23,20.0123
3279.23,20.0123
3280.23,20.0122
3281.23,20.0122
3282.23,20.0122
3283.23,20.0121
3284.23,20.0121
3285.23,20.012
3286.23,20.012
3287.23,20.0119
3288.23,20.0119
3289.23,20.0119
3290.23,20.0118
3291.23,20.0118
3292.23,20.0117
3293.23,20.0117
3294.23,20.0116
3295.23,20.0116
3296.23,20.0116
3297.23,20.0115
3298.23,20.0115
3299.23,20.0114
3300.23,20.0114
3301.23,20.0114
3302.23,20.0113
3303.23,20.0113
3304.23,20.0112
3305.23,20.0112
3306.23,20.0112
3307.23,20.0111
3308.23,20.0111
3309.23,20.011
3310.23,20.011
3311.23,20.011
3312.23,20.0109
3313.23,20.0109
3314.23,20.0108
3315.23,20.0108
3316.23,20.0108
3317.23,20.0107
3318.23,20.0107
3319.23,20.0106
3320.23,20.0106
3321.23,20.0106
3322.23,20.0105
3323.23,20.0105
3324.23,20.0105
3325.23,20.0104
3326.23,20.0104
3327.23,20.0103
3328.23,20.0103
3329.23,20.0103
3330.23,20.0102
3331.23,20.0102
3332.23,20.0102
3333.23,20.0101
3334.23,20.0101
3335.23,20.0101
3336.23,20.01
3337.23,20.01
3338.23,20.0099
3339.23,20.0099
3340.23,20.0099
3341.23,20.0098
3342.23,20.0098
3343.23,20.0098
3344.23,20.0097
3345.23,20.0097
3346.23,20.0097
3347.23,20.0096
3348.23,20.0096
3349.23,20.0096
3350.23,20.0095
3351.23,20.0095
3352.23,20.0095
3353.23,20.0094
3354.23,20.0094
3355.23,20.0094
3356.23,20.0093
3357.23,20.0093
3358.23,20.0093
3359.23,20.0092
3360.23,20.0092
3361.23,20.0092
3362.23,20.0091
3363.23,20.0091
3364.23,20.0091
3365.23,20.009
3366.23,20.009
3367.23,20.009
3368.23,20.0089
3369.23,20.0089
3370.23,20.0089
3371.23,20.0088
3372.23,20.0088
3373.23,20.0088
3374.23,20.0087
3375.23,20.0087
3376.23,20.0087
3377.23,20.0087
3378.23,20.0086
3379.23,20.0086
3380.23,20.0086
3381.23,20.0085
3382.23,20.0085
3383.23,20.0085
3384.23,20.0084
3385.23,20.0084
3386.23,20.0084
3387.23,20.0083
3388.23,20.0083
3389.23,20.0083
3390.23,20.0083
3391.23,20.0082
3392.23,20.0082
3393.23,20.0082
3394.23,20.0081
3395.23,20.0081
3396.23,20.0081
3397.23,20.0081
3398.23,20.008
3399.23,20.008
3400.23,20.008
3401.23,20.0079
3402.23,20.0079
3403.23,20.0079
3404.23,20.0079
3405.23,20.0078
3406.23,20.0078
3407.23,20.0078
3408.23,20.0077
3409.23,20.0077
3410.23,20.0077
3411.23,20.0077
3412.23,20.0076
3413.23,20.0076
3414.23,20.0076
3415.23,20.0076
3416.23,20.0075
3417.23,20.0075
3418.23,20.0075
3419.23,20.0074
3420.23,20.0074
3421.23,20.0074
3422.23,20.0074
3423.23,20.0073
3424.23,20.0073
3425.23,20.0073
3426.23,20.0073
3427.23,20.0072
3428.23,20.0072
3429.23,20.0072
3430.23,20.0072
3431.23,20.0071
3432.23,20.0071
3433.23,20.0071
3434.23,20.0071
3435.23,20.007
3436.23,20.007
3437.23,20.007
3438.23,20.007
3439.23,20.0069
3440.23,20.0069
3441.23,20.0069
3442.23,20.0069
3443.23,20.0068
3444.23,20.0068
3445.23,20.0068
3446.23,20.0068
3447.23,20.0067
3448.23,20.0067
3449.23,20.0067
3450.23,20.0067
3451.23,20.0066
3452.23,20.0066
3453.23,20.0066
3454.23,20.0066
3455.23,20.0065
3456.23,20.0065
3457.23,20.0065
3458.23,20.0065
3459.23,20.0065
3460.23,20.0064
3461.23,20.0064
3462.23,20.0064
3463.23,20.0064
3464.23,20.0063
3465.23,20.0063
3466.23,20.0063
3467.23,20.0063
3468.23,20.0063
3469.23,20.0062
3470.23,20.0062
3471.23,20.0062
3472.23,20.0062
3473.23,20.0061
3474.23,20.0061
3475.23,20.0061
3476.23,20.0061
3477.23,20.0061
3478.23,20.006
3479.23,20.006
3480.23,20.006
3481.23,20.006
3482.23,20.0059
3483.23,20.0059
3484.23,20.0059
3485.23,20.0059
3486.23,20.0059
3487.23,20.0058
3488.23,20.0058
3489.23,20.0058
3490.23,20.0058
3491.23,20.0058
3492.23,20.0057
3493.23,20.0057
3494.23,20.0057
3495.23,20.0057
3496.23,20.0057
3497.23,20.0056
3498.23,20.0056
3499.23,20.0056
3500.23,20.0056
3501.23,20.0056
3502.23,20.0055
3503.23,20.0055
3504.23,20.0055
3505.23,20.0055
3506.23,20.0055
3507.23,20.0054
3508.23,20.0054
3509.23,20.0054
3510.23,20.0054
3511.23,20.0054
3512.23,20.0053
3513.23,20.0053
3514.23,20.0053
3515.23,20.0053
3516.23,20.0053
3517.23,20.0052
3518.23,20.0052
3519.23,20.0052
3520.23,20.0052
3521.23,20.0052
3522.23,20.0052
3523.23,20.0051
3524.23,20.0051
3525.23,20.0051
3526.23,20.0051
3527.23,20.0051
3528.23,20.005
3529.23,20.005
3530.23,20.005
3531.23,20.005
3532.23,20.005
3533.23,20.005
3534.23,20.0049
3535.23,20.0049
3536.23,20.0049
3537.23,20.0049
3538.23,20.0049
3539.23,20.0048
3540.23,20.0048
3541.23,20.0048
3542.23,20.0048
3543.23,20.0048
3544.23,20.0048
3545.23,20.0047
3546.23,20.0047
3547.23,20.0047
3548.23,20.0047
3549.23,20.0047
3550.23,20.0047
3551.23,20.0046
3552.23,20.0046
3553.23,20.0046
3554.23,20.0046
3555.23,20.0046
3556.23,20.0046
3557.23,20.0045
3558.23,20.0045
3559.23,20.0045
3560.23,20.0045
3561.23,20.0045
3562.23,20.0045
3563.23,20.0044
3564.23,20.0044
3565.23,20.0044
3566.23,20.0044
3567.23,20.0044
3568.23,20.0044
3569.23,20.0044
3570.23,20.0043
3571.23,20.0043
3572.23,20.0043
3573.23,20.0043
3574.23,20.0043
3575.23,20.0043
3576.23,20.0042
3577.23,20.0042
3578.23,20.0042
3579.23,20.0042
3580.23,20.0042
3581.23,20.0042
3582.23,20.0042
3583.23,20.0041
3584.23,20.0041
3585.23,20.0041
3586.23,20.0041
3587.23,20.0041
3588.23,20.0041
3589.23,20.0041
3590.23,20.004
3591.23,20.004
3592.23,20.004
3593.23,20.004
3594.23,20.004
3595.23,20.004
3596.23,20.004
3597.23,20.0039
3598.23,20.0039
3599.23,20.0039
3600.23,20.0039
3601.23,20.0039
3602.23,20.0039
3603.23,20.0039
3604.23,20.0038
3605.23,20.0038
3606.23,20.0038
3607.23,20.0038
3608.23,20.0038
3609.23,20.0038
3610.23,20.0038
3611.23,20.0037
3612.23,20.0037
3613.23,20.0037
3614.23,20.0037
3615.23,20.0037
3616.23,20.0037
3617.23,20.0037
3618.23,20.0037
3619.23,20.0036
3620.23,20.0036
3621.23,20.0036
3622.23,20.0036
3623.23,20.0036
3624.23,20.0036
3625.23,20.0036
3626.23,20.0036
3627.23,20.0035
3628.23,20.0035
3629.23,20.0035
3630.23,20.0035
3631.23,20.0035
3632.23,20.0035
3633.23,20.0035
3634.23,20.0035
3635.23,20.0034
3636.23,20.0034
3637.23,20.0034
3638.23,20.0034
3639.23,20.0034
3640.23,20.0034
3641.23,20.0034
3642.23,20.0034
3643.23,20.0033
3644.23,20.0033
3645.23,20.0033
3646.23,20.0033
3647.23,20.0033
3648.23,20.0033
3649.23,20.0033
3650.23,20.0033
3651.23,20.0032
3652.23,20.0032
3653.23,20.0032
3654.23,20.0032
3655.23,20.0032
3656.23,20.0032
3657.23,20.0032
3658.23,20.0032
3659.23,20.0032
3660.23,20.0031
3661.23,20.0031
3662.23,20.0031
3663.23,20.0031
3664.23,20.0031
3665.23,20.0031
3666.23,20.0031
3667.23,20.0031
3668.23,20.0031
3669.23,20.003
3670.23,20.003
3671.23,20.003
3672.23,20.003
3673.23,20.003
3674.23,20.003
3675.23,20.003
3676.23,20.003
3677.23,20.003
3678.23,20.003
3679.23,20.0029
3680.23,20.0029
3681.23,20.0029
3682.23,20.0029
3683.23,20.0029
3684.23,20.0029
3685.23,20.0029
3686.23,20.0029
3687.23,20.0029
3688.23,20.0028
3689.23,20.0028
3690.23,20.0028
3691.23,20.0028
3692.23,20.0028
3693.23,20.0028
3694.23,20.0028
3695.23,20.0028
3696.23,20.0028
3697.23,20.0028
3698.23,20.0027
3699.23,20.0027
3700.23,20.0027
3701.23,20.0027
3702.23,20.0027
3703.23,20.0027
3704.23,20.0027
3705.23,20.0027
3706.23,20.0027
3707.23,20.0027
3708.23,20.0026
3709.23,20.0026
3710.23,20.0026
3711.23,20.0026
3712.23,20.0026
3713.23,20.0026
3714.23,20.0026
3715.23,20.0026
3716.23,20.0026
3717.23,20.0026
3718.23,20.0026
3719.23,20.0025
3720.23,20.0025
3721.23,20.0025
3722.23,20.0025
3723.23,20.0025
3724.23,20.0025
3725.23,20.0025
3726.23,20.0025
3727.23,20.0025
3728.23,20.0025
3729.23,20.0025
3730.23,20.0024
3731.23,20.0024
3732.23,20.0024
3733.23,20.0024
3734.23,20.0024
3735.23,20.0024
3736.23,20.0024
3737.23,20.0024
3738.23,20.0024
3739.23,20.0024
3740.23,20.0024
3741.23,20.0024
3742.23,20.0023
3743.23,20.0023
3744.23,20.0023
3745.23,20.0023
3746.23,20.0023
3747.23,20.0023
3748.23,20.0023
3749.23,20.0023
3750.23,20.0023
3751.23,20.0023
3752.23,20.0023
3753.23,20.0023
3754.23,20.0022
3755.23,20.0022
3756.23,20.0022
3757.23,20.0022
3758.23,20.0022
3759.23,20.0022
3760.23,20.0022
3761.23,20.0022
3762.23,20.0022
3763.23,20.0022
3764.23,20.0022
3765.23,20.0022
3766.23,20.0022
3767.23,20.0021
3768.23,20.0021
3769.23,20.0021
3770.23,20.0021
3771.23,20.0021
3772.23,20.0021
3773.23,20.0021
3774.23,20.0021
3775.23,20.0021
3776.23,20.0021
3777.23,20.0021
3778.23,20.0021
3779.23,20.0021
3780.23,20.002
3781.23,20.002
3782.23,20.002
3783.23,20.002
3784.23,20.002
3785.23,20.002
3786.23,20.002
3787.23,20.002
3788.23,20.002
3789.23,20.002
3790.23,20.002
3791.23,20.002
3792.23,20.002
3793.23,20.002
3794.23,20.0019
3795.23,20.0019
3796.23,20.0019
3797.23,20.0019
3798.23,20.0019
3799.23,20.0019
3800.23,20.0019
3801.23,20.0019
3802.23,20.0019
3803.23,20.0019
3804.23,20.0019
3805.23,20.0019
3806.23,20.0019
3807.23,20.0019
3808.23,20.0019
3809.23,20.0018
3810.23,20.0018
3811.23,20.0018
3812.23,20.0018
3813.23,20.0018
3814.23,20.0018
3815.23,20.0018
3816.23,20.0018
3817.23,20.0018
3818.23,20.0018
3819.23,20.0018
3820.23,20.0018
3821.23,20.0018
3822.23,20.0018
3823.23,20.0018
3824.23,20.0018
3825.23,20.0017
3826.23,20.0017
3827.23,20.0017
3828.23,20.0017
3829.23,20.0017
3830.23,20.0017
3831.23,20.0017
3832.23,20.0017
3833.23,20.0017
3834.23,20.0017
3835.23,20.0017
3836.23,20.0017
3837.23,20.0017
3838.23,20.0017
3839.23,20.0017
3840.23,20.0017
3841.23,20.0016
3842.23,20.0016
3843.23,20.0016
3844.23,20.0016
3845.23,20.0016
3846.23,20.0016
3847.23,20.0016
3848.23,20.0016
3849.23,20.0016
3850.23,20.0016
3851.23,20.0016
3852.23,20.0016
3853.23,20.0016
3854.23,20.0016
3855.23,20.0016
3856.23,20.0016
3857.23,20.0016
3858.23,20.0016
3859.23,20.0015
3860.23,20.0015
3861.23,20.0015
3862.23,20.0015
3863.23,20.0015
3864.23,20.0015
3865.23,20.0015
3866.23,20.0015
3867.23,20.0015
3868.23,20.0015
3869.23,20.0015
3870.23,20.0015
3871.23,20.0015
3872.23,20.0015
3873.23,20.0015
3874.23,20.0015
3875.23,20.0015
3876.23,20.0015
3877.23,20.0014
3878.23,20.0014
3879.23,20.0014
3880.23,20.0014
3881.23,20.0014
3882.23,20.0014
3883.23,20.0014
3884.23,20.0014
3885.23,20.0014
3886.23,20.0014
3887.23,20.0014
3888.23,20.0014
3889.23,20.0014
3890.23,20.0014
3891.23,20.0014
3892.23,20.0014
3893.23,20.0014
3894.23,20.0014
3895.23,20.0014
3896.23,20.0014
3897.23,20.0013
3898.23,20.0013
3899.23,20.0013
3900.23,20.0013
3901.23,20.0013
3902.23,20.0013
3903.23,20.0013
3904.23,20.0013
3905.23,20.0013
3906.23,20.0013
3907.23,20.0013
3908.23,20.0013
3909.23,20.0013
3910.23,20.0013
3911.23,20.0013
3912.23,20.0013
3913.23,20.0013
3914.23,20.0013
3915.23,20.0013
3916.23,20.0013
3917.23,20.0013
3918.23,20.0013
3919.23,20.0012
3920.23,20.0012
3921.23,20.0012
3922.23,20.0012
3923.23,20.0012
3924.23,20.0012
3925.23,20.0012
3926.23,20.0012
3927.23,20.0012
3928.23,20.0012
3929.23,20.0012
3930.23,20.0012
3931.23,20.0012
3932.23,20.0012
3933.23,20.0012
3934.23,20.0012
3935.23,20.0012
3936.23,20.0012
3937.23,20.0012
3938.23,20.0012
3939.23,20.0012
3940.23,20.0012
3941.23,20.0012
3942.23,20.0011
3943.23,20.0011
3944.23,20.0011
3945.23,20.0011
3946.23,20.0011
3947.23,20.0011
3948.23,20.0011
3949.23,20.0011
3950.23,20.0011
3951.23,20.0011
3952.23,20.0011
3953.23,20.0011
3954.23,20.0011
3955.23,20.0011
3956.23,20.0011
3957.23,20.0011
3958.23,20.0011
3959.23,20.0011
3960.23,20.0011
3961.23,20.0011
3962.23,20.0011
3963.23,20.0011
3964.23,20.0011
3965.23,20.0011
3966.23,20.0011
3967.23,20.001
3968.23,20.001
3969.23,20.001
3970.23,20.001
3971.23,20.001
3972.23,20.001
3973.23,20.001
3974.23,20.001
3975.23,20.001
3976.23,20.001
3977.23,20.001
3978.23,20.001
3979.23,20.001
3980.23,20.001
3981.23,20.001
3982.23,20.001
3983.23,20.001
3984.23,20.001
3985.23,20.001
3986.23,20.001
3987.23,20.001
3988.23,20.001
3989.23,20.001
3990.23,20.001
3991.23,20.001
3992.23,20.001
3993.23,20.001
3994.23,20.001
3995.23,20.0009
3996.23,20.0009
3997.23,20.0009
3998.23,20.0009
3999.23,20.0009
4000,20.0009
