0,-0.024999999999999998,-0.03,0.025,0.0001
0.012,0.035,-0.03,0.025,0
0.0122,0.035,-0.019999999999999997,0.025,0.0001
0.0242,-0.024999999999999994,-0.019999999999999997,0.025,0
0.024399999999999998,-0.024999999999999994,-0.009999999999999997,0.025,0.0001
0.0364,0.035,-0.009999999999999997,0.025,0
0.0366,0.035,3.469446951953614e-18,0.025,0.0001
0.048600000000000004,-0.024999999999999994,3.469446951953614e-18,0.025,0
0.0488,-0.024999999999999994,0.010000000000000004,0.025,0.0001
0.06080000000000001,0.035,0.010000000000000004,0.025,0
0.061000000000000006,0.035,0.020000000000000004,0.025,0.0001
0.07300000000000001,-0.024999999999999994,0.020000000000000004,0.025,0
0.07320000000000002,-0.024999999999999994,0.030000000000000006,0.025,0.0001
0.08520000000000001,0.035,0.030000000000000006,0.025,0
0.08540000000000002,0.035,0.04000000000000001,0.025,0.0001
0.09740000000000001,-0.024999999999999994,0.04000000000000001,0.025,0
0.09760000000000002,-0.024999999999999994,0.05000000000000001,0.025,0.0001
0.10960000000000002,0.035,0.05000000000000001,0.025,0
0.10980000000000002,0.035,0.06000000000000001,0.025,0.0001
0.12180000000000002,-0.024999999999999994,0.06000000000000001,0.025,0
0.12200000000000003,-0.024999999999999994,0.07,0.025,0.0001
0.13400000000000004,0.035,0.07,0.025,0
0.13420000000000004,0.035,0.08,0.025,0.0001
0.14620000000000005,-0.024999999999999994,0.08,0.025,0
0.14640000000000006,-0.024999999999999994,0.09,0.025,0.0001
0.15840000000000007,0.035,0.09,0.025,0
0.15860000000000007,0.035,0.09999999999999999,0.025,0.0001
0.17060000000000008,-0.024999999999999994,0.09999999999999999,0.025,0
0.1708000000000001,-0.024999999999999994,0.10999999999999999,0.025,0.0001
0.1828000000000001,0.035,0.10999999999999999,0.025,0
0.1830000000000001,0.035,0.11999999999999998,0.025,0.0001
0.19500000000000012,-0.024999999999999994,0.11999999999999998,0.025,0
0.19520000000000012,-0.024999999999999994,0.12999999999999998,0.025,0.0001
0.20720000000000013,0.035,0.12999999999999998,0.025,0
0.20740000000000014,0.035,0.13999999999999999,0.025,0.0001
0.21940000000000015,-0.024999999999999994,0.13999999999999999,0.025,0
0.21960000000000016,-0.024999999999999994,0.15,0.025,0.0001
0.23160000000000017,0.035,0.15,0.025,0
0.23180000000000017,0.035,0.16,0.025,0.0001
0.24380000000000018,-0.024999999999999994,0.16,0.025,0
0.2440000000000002,-0.024999999999999994,0.17,0.025,0.0001
0.25600000000000017,0.035,0.17,0.025,0
0.25620000000000015,0.035,0.18000000000000002,0.025,0.0001
0.26820000000000016,-0.024999999999999994,0.18000000000000002,0.025,0
0.26840000000000014,-0.024999999999999994,0.19000000000000003,0.025,0.0001
0.28040000000000015,0.035,0.19000000000000003,0.025,0
0.2806000000000001,0.035,0.20000000000000004,0.025,0.0001
0.29260000000000014,-0.024999999999999994,0.20000000000000004,0.025,0
0.2928000000000001,-0.024999999999999994,0.21000000000000005,0.025,0.0001
0.3048000000000001,0.035,0.21000000000000005,0.025,0
0.3050000000000001,0.035,0.22000000000000006,0.025,0.0001
0.3170000000000001,-0.024999999999999994,0.22000000000000006,0.025,0
0.3172000000000001,-0.024999999999999994,0.23000000000000007,0.025,0.0001
0.3292000000000001,0.035,0.23000000000000007,0.025,0
0.3294000000000001,0.035,0.24000000000000007,0.025,0.0001
0.3414000000000001,-0.024999999999999994,0.24000000000000007,0.025,0
0.34160000000000007,-0.024999999999999994,0.25000000000000006,0.025,0.0001
0.3536000000000001,0.035,0.25000000000000006,0.025,0
0.35380000000000006,0.035,0.26000000000000006,0.025,0.0001
0.36580000000000007,-0.024999999999999994,0.26000000000000006,0.025,0
0.36600000000000005,-0.024999999999999994,0.2700000000000001,0.025,0.0001
0.37800000000000006,0.035,0.2700000000000001,0.025,0
0.37820000000000004,0.035,0.2800000000000001,0.025,0.0001
0.39020000000000005,-0.024999999999999994,0.2800000000000001,0.025,0
0.3904,-0.024999999999999994,0.2900000000000001,0.025,0.0001
0.40240000000000004,0.035,0.2900000000000001,0.025,0
0.4026,0.035,0.3000000000000001,0.025,0.0001
0.4146,-0.024999999999999994,0.3000000000000001,0.025,0
0.4148,-0.024999999999999994,0.3100000000000001,0.025,0.0001
0.4268,0.035,0.3100000000000001,0.025,0
0.427,0.035,0.3200000000000001,0.025,0.0001
0.439,-0.024999999999999994,0.3200000000000001,0.025,0
0.4392,-0.024999999999999994,0.3300000000000001,0.025,0.0001
0.4512,0.035,0.3300000000000001,0.025,0
0.45139999999999997,0.035,0.34000000000000014,0.025,0.0001
0.4634,-0.024999999999999994,0.34000000000000014,0.025,0
0.46359999999999996,-0.024999999999999994,0.35000000000000014,0.025,0.0001
0.47559999999999997,0.035,0.35000000000000014,0.025,0
0.47579999999999995,0.035,0.36000000000000015,0.025,0.0001
0.48779999999999996,-0.024999999999999994,0.36000000000000015,0.025,0
0.48799999999999993,-0.024999999999999994,0.37000000000000016,0.025,0.0001
0.49999999999999994,0.035,0.37000000000000016,0.025,0
0.5002,0.035,0.38000000000000017,0.025,0.0001
0.5122,-0.024999999999999994,0.38000000000000017,0.025,0
0.5124,-0.024999999999999994,0.3900000000000002,0.025,0.0001
0.5244,0.035,0.3900000000000002,0.025,0
0.5246,0.035,0.4000000000000002,0.025,0.0001
0.5366,-0.024999999999999994,0.4000000000000002,0.025,0
0.5367999999999999,-0.024999999999999994,0.4100000000000002,0.025,0.0001
0.5488,0.035,0.4100000000000002,0.025,0
0.5489999999999999,0.035,0.4200000000000002,0.025,0.0001
0.5609999999999999,-0.024999999999999994,0.4200000000000002,0.025,0
0.5611999999999999,-0.024999999999999994,0.4300000000000002,0.025,0.0001
0.5731999999999999,0.035,0.4300000000000002,0.025,0
0.5733999999999999,0.035,0.4400000000000002,0.025,0.0001
0.5853999999999999,-0.024999999999999994,0.4400000000000002,0.025,0
0.5855999999999999,-0.024999999999999994,0.45000000000000023,0.025,0.0001
0.5975999999999999,0.035,0.45000000000000023,0.025,0
0.5977999999999999,0.035,0.46000000000000024,0.025,0.0001
0.6097999999999999,-0.024999999999999994,0.46000000000000024,0.025,0
0.6099999999999999,-0.024999999999999994,0.47000000000000025,0.025,0.0001
0.6219999999999999,0.035,0.47000000000000025,0.025,0
0.6221999999999999,0.035,0.48000000000000026,0.025,0.0001
0.6341999999999999,-0.024999999999999994,0.48000000000000026,0.025,0
0.6343999999999999,-0.024999999999999994,0.49000000000000027,0.025,0.0001
0.6463999999999999,0.035,0.49000000000000027,0.025,0
0.6465999999999998,0.035,0.5000000000000002,0.025,0.0001
0.6585999999999999,-0.024999999999999994,0.5000000000000002,0.025,0
0.6587999999999998,-0.024999999999999994,0.5100000000000002,0.025,0.0001
0.6707999999999998,0.035,0.5100000000000002,0.025,0
0.6709999999999998,0.035,0.5200000000000002,0.025,0.0001
0.6829999999999998,-0.024999999999999994,0.5200000000000002,0.025,0
0.6831999999999998,-0.024999999999999994,0.5300000000000002,0.025,0.0001
0.6951999999999998,0.035,0.5300000000000002,0.025,0
0.6953999999999998,0.035,0.5400000000000003,0.025,0.0001
0.7073999999999998,-0.024999999999999994,0.5400000000000003,0.025,0
0.7075999999999998,-0.024999999999999994,0.5500000000000003,0.025,0.0001
0.7195999999999998,0.035,0.5500000000000003,0.025,0
0.7197999999999998,0.035,0.5600000000000003,0.025,0.0001
0.7317999999999998,-0.024999999999999994,0.5600000000000003,0.025,0
0.7319999999999998,-0.024999999999999994,0.5700000000000003,0.025,0.0001
0.7439999999999998,0.035,0.5700000000000003,0.025,0
0.7441999999999998,0.035,0.5800000000000003,0.025,0.0001
0.7561999999999998,-0.024999999999999994,0.5800000000000003,0.025,0
0.7563999999999997,-0.024999999999999994,0.5900000000000003,0.025,0.0001
0.7683999999999997,0.035,0.5900000000000003,0.025,0
0.7685999999999997,0.035,0.6000000000000003,0.025,0.0001
0.7805999999999997,-0.024999999999999994,0.6000000000000003,0.025,0
0.7807999999999997,-0.024999999999999994,0.6100000000000003,0.025,0.0001
0.7927999999999997,0.035,0.6100000000000003,0.025,0
0.7929999999999997,0.035,0.6200000000000003,0.025,0.0001
0.8049999999999997,-0.024999999999999994,0.6200000000000003,0.025,0
0.8051999999999997,-0.024999999999999994,0.6300000000000003,0.025,0.0001
0.8171999999999997,0.035,0.6300000000000003,0.025,0
0.8173999999999997,0.035,0.6400000000000003,0.025,0.0001
0.8293999999999997,-0.024999999999999994,0.6400000000000003,0.025,0
0.8295999999999997,-0.024999999999999994,0.6500000000000004,0.025,0.0001
0.8415999999999997,0.035,0.6500000000000004,0.025,0
0.8417999999999997,0.035,0.6600000000000004,0.025,0.0001
0.8537999999999997,-0.024999999999999994,0.6600000000000004,0.025,0
0.8539999999999996,-0.024999999999999994,0.6700000000000004,0.025,0.0001
0.8659999999999997,0.035,0.6700000000000004,0.025,0
0.8661999999999996,0.035,0.6800000000000004,0.025,0.0001
0.8781999999999996,-0.024999999999999994,0.6800000000000004,0.025,0
0.8783999999999996,-0.024999999999999994,0.6900000000000004,0.025,0.0001
0.8903999999999996,0.035,0.6900000000000004,0.025,0
0.8905999999999996,0.035,0.7000000000000004,0.025,0.0001
0.9025999999999996,-0.024999999999999994,0.7000000000000004,0.025,0
0.9027999999999996,-0.024999999999999994,0.7100000000000004,0.025,0.0001
0.9147999999999996,0.035,0.7100000000000004,0.025,0
0.9149999999999996,0.035,0.7200000000000004,0.025,0.0001
0.9269999999999996,-0.024999999999999994,0.7200000000000004,0.025,0
0.9271999999999996,-0.024999999999999994,0.7300000000000004,0.025,0.0001
0.9391999999999996,0.035,0.7300000000000004,0.025,0
0.9393999999999996,0.035,0.7400000000000004,0.025,0.0001
0.9513999999999996,-0.024999999999999994,0.7400000000000004,0.025,0
0.9515999999999996,-0.024999999999999994,0.7500000000000004,0.025,0.0001
0.9635999999999996,0.035,0.7500000000000004,0.025,0
0.9637999999999995,0.035,0.7600000000000005,0.025,0.0001
0.9757999999999996,-0.024999999999999994,0.7600000000000005,0.025,0
0.9759999999999995,-0.024999999999999994,0.7700000000000005,0.025,0.0001
0.9879999999999995,0.035,0.7700000000000005,0.025,0
0.9881999999999995,0.035,0.7800000000000005,0.025,0.0001
1.0001999999999995,-0.024999999999999994,0.7800000000000005,0.025,0
1.0003999999999995,-0.024999999999999994,0.7900000000000005,0.025,0.0001
1.0123999999999995,0.035,0.7900000000000005,0.025,0
1.0125999999999995,0.035,0.8000000000000005,0.025,0.0001
1.0245999999999995,-0.024999999999999994,0.8000000000000005,0.025,0
1.0247999999999995,-0.024999999999999994,0.8100000000000005,0.025,0.0001
1.0367999999999995,0.035,0.8100000000000005,0.025,0
1.0369999999999995,0.035,0.8200000000000005,0.025,0.0001
1.0489999999999995,-0.024999999999999994,0.8200000000000005,0.025,0
1.0491999999999995,-0.024999999999999994,0.8300000000000005,0.025,0.0001
1.0611999999999995,0.035,0.8300000000000005,0.025,0
1.0613999999999995,0.035,0.8400000000000005,0.025,0.0001
1.0733999999999995,-0.024999999999999994,0.8400000000000005,0.025,0
1.0735999999999994,-0.024999999999999994,0.8500000000000005,0.025,0.0001
1.0855999999999995,0.035,0.8500000000000005,0.025,0
1.0857999999999994,0.035,0.8600000000000005,0.025,0.0001
1.0977999999999994,-0.024999999999999994,0.8600000000000005,0.025,0
1.0979999999999994,-0.024999999999999994,0.8700000000000006,0.025,0.0001
1.1099999999999994,0.035,0.8700000000000006,0.025,0
1.1101999999999994,0.035,0.8800000000000006,0.025,0.0001
1.1221999999999994,-0.024999999999999994,0.8800000000000006,0.025,0
1.1223999999999994,-0.024999999999999994,0.8900000000000006,0.025,0.0001
1.1343999999999994,0.035,0.8900000000000006,0.025,0
1.1345999999999994,0.035,0.9000000000000006,0.025,0.0001
1.1465999999999994,-0.024999999999999994,0.9000000000000006,0.025,0
1.1467999999999994,-0.024999999999999994,0.9100000000000006,0.025,0.0001
1.1587999999999994,0.035,0.9100000000000006,0.025,0
1.1589999999999994,0.035,0.9200000000000006,0.025,0.0001
1.1709999999999994,-0.024999999999999994,0.9200000000000006,0.025,0
1.1711999999999994,-0.024999999999999994,0.9300000000000006,0.025,0.0001
1.1831999999999994,0.035,0.9300000000000006,0.025,0
1.1833999999999993,0.035,0.9400000000000006,0.025,0.0001
1.1953999999999994,-0.024999999999999994,0.9400000000000006,0.025,0
1.1955999999999993,-0.024999999999999994,0.9500000000000006,0.025,0.0001
1.2075999999999993,0.035,0.9500000000000006,0.025,0
1.2077999999999993,0.035,0.9600000000000006,0.025,0.0001
1.2197999999999993,-0.024999999999999994,0.9600000000000006,0.025,0
1.2199999999999993,-0.024999999999999998,-0.03,0.035,0.0001
1.2319999999999993,0.035,-0.03,0.035,0
1.2321999999999993,0.035,-0.019999999999999997,0.035,0.0001
1.2441999999999993,-0.024999999999999994,-0.019999999999999997,0.035,0
1.2443999999999993,-0.024999999999999994,-0.009999999999999997,0.035,0.0001
1.2563999999999993,0.035,-0.009999999999999997,0.035,0
1.2565999999999993,0.035,3.469446951953614e-18,0.035,0.0001
1.2685999999999993,-0.024999999999999994,3.469446951953614e-18,0.035,0
1.2687999999999993,-0.024999999999999994,0.010000000000000004,0.035,0.0001
1.2807999999999993,0.035,0.010000000000000004,0.035,0
1.2809999999999993,0.035,0.020000000000000004,0.035,0.0001
1.2929999999999993,-0.024999999999999994,0.020000000000000004,0.035,0
1.2931999999999992,-0.024999999999999994,0.030000000000000006,0.035,0.0001
1.3051999999999992,0.035,0.030000000000000006,0.035,0
1.3053999999999992,0.035,0.04000000000000001,0.035,0.0001
1.3173999999999992,-0.024999999999999994,0.04000000000000001,0.035,0
1.3175999999999992,-0.024999999999999994,0.05000000000000001,0.035,0.0001
1.3295999999999992,0.035,0.05000000000000001,0.035,0
1.3297999999999992,0.035,0.06000000000000001,0.035,0.0001
1.3417999999999992,-0.024999999999999994,0.06000000000000001,0.035,0
1.3419999999999992,-0.024999999999999994,0.07,0.035,0.0001
1.3539999999999992,0.035,0.07,0.035,0
1.3541999999999992,0.035,0.08,0.035,0.0001
1.3661999999999992,-0.024999999999999994,0.08,0.035,0
1.3663999999999992,-0.024999999999999994,0.09,0.035,0.0001
1.3783999999999992,0.035,0.09,0.035,0
1.3785999999999992,0.035,0.09999999999999999,0.035,0.0001
1.3905999999999992,-0.024999999999999994,0.09999999999999999,0.035,0
1.3907999999999991,-0.024999999999999994,0.10999999999999999,0.035,0.0001
1.4027999999999992,0.035,0.10999999999999999,0.035,0
1.4029999999999991,0.035,0.11999999999999998,0.035,0.0001
1.4149999999999991,-0.024999999999999994,0.11999999999999998,0.035,0
1.4151999999999991,-0.024999999999999994,0.12999999999999998,0.035,0.0001
1.4271999999999991,0.035,0.12999999999999998,0.035,0
1.4273999999999991,0.035,0.13999999999999999,0.035,0.0001
1.4393999999999991,-0.024999999999999994,0.13999999999999999,0.035,0
1.439599999999999,-0.024999999999999994,0.15,0.035,0.0001
1.4515999999999991,0.035,0.15,0.035,0
1.451799999999999,0.035,0.16,0.035,0.0001
1.463799999999999,-0.024999999999999994,0.16,0.035,0
1.463999999999999,-0.024999999999999994,0.17,0.035,0.0001
1.475999999999999,0.035,0.17,0.035,0
1.476199999999999,0.035,0.18000000000000002,0.035,0.0001
1.488199999999999,-0.024999999999999994,0.18000000000000002,0.035,0
1.488399999999999,-0.024999999999999994,0.19000000000000003,0.035,0.0001
1.500399999999999,0.035,0.19000000000000003,0.035,0
1.500599999999999,0.035,0.20000000000000004,0.035,0.0001
1.512599999999999,-0.024999999999999994,0.20000000000000004,0.035,0
1.512799999999999,-0.024999999999999994,0.21000000000000005,0.035,0.0001
1.524799999999999,0.035,0.21000000000000005,0.035,0
1.524999999999999,0.035,0.22000000000000006,0.035,0.0001
1.536999999999999,-0.024999999999999994,0.22000000000000006,0.035,0
1.537199999999999,-0.024999999999999994,0.23000000000000007,0.035,0.0001
1.549199999999999,0.035,0.23000000000000007,0.035,0
1.549399999999999,0.035,0.24000000000000007,0.035,0.0001
1.561399999999999,-0.024999999999999994,0.24000000000000007,0.035,0
1.561599999999999,-0.024999999999999994,0.25000000000000006,0.035,0.0001
1.573599999999999,0.035,0.25000000000000006,0.035,0
1.573799999999999,0.035,0.26000000000000006,0.035,0.0001
1.585799999999999,-0.024999999999999994,0.26000000000000006,0.035,0
1.585999999999999,-0.024999999999999994,0.2700000000000001,0.035,0.0001
1.597999999999999,0.035,0.2700000000000001,0.035,0
1.598199999999999,0.035,0.2800000000000001,0.035,0.0001
1.610199999999999,-0.024999999999999994,0.2800000000000001,0.035,0
1.610399999999999,-0.024999999999999994,0.2900000000000001,0.035,0.0001
1.622399999999999,0.035,0.2900000000000001,0.035,0
1.622599999999999,0.035,0.3000000000000001,0.035,0.0001
1.634599999999999,-0.024999999999999994,0.3000000000000001,0.035,0
1.634799999999999,-0.024999999999999994,0.3100000000000001,0.035,0.0001
1.646799999999999,0.035,0.3100000000000001,0.035,0
1.646999999999999,0.035,0.3200000000000001,0.035,0.0001
1.658999999999999,-0.024999999999999994,0.3200000000000001,0.035,0
1.659199999999999,-0.024999999999999994,0.3300000000000001,0.035,0.0001
1.671199999999999,0.035,0.3300000000000001,0.035,0
1.6713999999999989,0.035,0.34000000000000014,0.035,0.0001
1.683399999999999,-0.024999999999999994,0.34000000000000014,0.035,0
1.6835999999999989,-0.024999999999999994,0.35000000000000014,0.035,0.0001
1.6955999999999989,0.035,0.35000000000000014,0.035,0
1.6957999999999989,0.035,0.36000000000000015,0.035,0.0001
1.7077999999999989,-0.024999999999999994,0.36000000000000015,0.035,0
1.7079999999999989,-0.024999999999999994,0.37000000000000016,0.035,0.0001
1.7199999999999989,0.035,0.37000000000000016,0.035,0
1.7201999999999988,0.035,0.38000000000000017,0.035,0.0001
1.7321999999999989,-0.024999999999999994,0.38000000000000017,0.035,0
1.7323999999999988,-0.024999999999999994,0.3900000000000002,0.035,0.0001
1.7443999999999988,0.035,0.3900000000000002,0.035,0
1.7445999999999988,0.035,0.4000000000000002,0.035,0.0001
1.7565999999999988,-0.024999999999999994,0.4000000000000002,0.035,0
1.7567999999999988,-0.024999999999999994,0.4100000000000002,0.035,0.0001
1.7687999999999988,0.035,0.4100000000000002,0.035,0
1.7689999999999988,0.035,0.4200000000000002,0.035,0.0001
1.7809999999999988,-0.024999999999999994,0.4200000000000002,0.035,0
1.7811999999999988,-0.024999999999999994,0.4300000000000002,0.035,0.0001
1.7931999999999988,0.035,0.4300000000000002,0.035,0
1.7933999999999988,0.035,0.4400000000000002,0.035,0.0001
1.8053999999999988,-0.024999999999999994,0.4400000000000002,0.035,0
1.8055999999999988,-0.024999999999999994,0.45000000000000023,0.035,0.0001
1.8175999999999988,0.035,0.45000000000000023,0.035,0
1.8177999999999988,0.035,0.46000000000000024,0.035,0.0001
1.8297999999999988,-0.024999999999999994,0.46000000000000024,0.035,0
1.8299999999999987,-0.024999999999999994,0.47000000000000025,0.035,0.0001
1.8419999999999987,0.035,0.47000000000000025,0.035,0
1.8421999999999987,0.035,0.48000000000000026,0.035,0.0001
1.8541999999999987,-0.024999999999999994,0.48000000000000026,0.035,0
1.8543999999999987,-0.024999999999999994,0.49000000000000027,0.035,0.0001
1.8663999999999987,0.035,0.49000000000000027,0.035,0
1.8665999999999987,0.035,0.5000000000000002,0.035,0.0001
1.8785999999999987,-0.024999999999999994,0.5000000000000002,0.035,0
1.8787999999999987,-0.024999999999999994,0.5100000000000002,0.035,0.0001
1.8907999999999987,0.035,0.5100000000000002,0.035,0
1.8909999999999987,0.035,0.5200000000000002,0.035,0.0001
1.9029999999999987,-0.024999999999999994,0.5200000000000002,0.035,0
1.9031999999999987,-0.024999999999999994,0.5300000000000002,0.035,0.0001
1.9151999999999987,0.035,0.5300000000000002,0.035,0
1.9153999999999987,0.035,0.5400000000000003,0.035,0.0001
1.9273999999999987,-0.024999999999999994,0.5400000000000003,0.035,0
1.9275999999999986,-0.024999999999999994,0.5500000000000003,0.035,0.0001
1.9395999999999987,0.035,0.5500000000000003,0.035,0
1.9397999999999986,0.035,0.5600000000000003,0.035,0.0001
1.9517999999999986,-0.024999999999999994,0.5600000000000003,0.035,0
1.9519999999999986,-0.024999999999999994,0.5700000000000003,0.035,0.0001
1.9639999999999986,0.035,0.5700000000000003,0.035,0
1.9641999999999986,0.035,0.5800000000000003,0.035,0.0001
1.9761999999999986,-0.024999999999999994,0.5800000000000003,0.035,0
1.9763999999999986,-0.024999999999999994,0.5900000000000003,0.035,0.0001
1.9883999999999986,0.035,0.5900000000000003,0.035,0
1.9885999999999986,0.035,0.6000000000000003,0.035,0.0001
2.0005999999999986,-0.024999999999999994,0.6000000000000003,0.035,0
2.0007999999999986,-0.024999999999999994,0.6100000000000003,0.035,0.0001
2.0127999999999986,0.035,0.6100000000000003,0.035,0
2.0129999999999986,0.035,0.6200000000000003,0.035,0.0001
2.0249999999999986,-0.024999999999999994,0.6200000000000003,0.035,0
2.0251999999999986,-0.024999999999999994,0.6300000000000003,0.035,0.0001
2.0371999999999986,0.035,0.6300000000000003,0.035,0
2.0373999999999985,0.035,0.6400000000000003,0.035,0.0001
2.0493999999999986,-0.024999999999999994,0.6400000000000003,0.035,0
2.0495999999999985,-0.024999999999999994,0.6500000000000004,0.035,0.0001
2.0615999999999985,0.035,0.6500000000000004,0.035,0
2.0617999999999985,0.035,0.6600000000000004,0.035,0.0001
2.0737999999999985,-0.024999999999999994,0.6600000000000004,0.035,0
2.0739999999999985,-0.024999999999999994,0.6700000000000004,0.035,0.0001
2.0859999999999985,0.035,0.6700000000000004,0.035,0
2.0861999999999985,0.035,0.6800000000000004,0.035,0.0001
2.0981999999999985,-0.024999999999999994,0.6800000000000004,0.035,0
2.0983999999999985,-0.024999999999999994,0.6900000000000004,0.035,0.0001
2.1103999999999985,0.035,0.6900000000000004,0.035,0
2.1105999999999985,0.035,0.7000000000000004,0.035,0.0001
2.1225999999999985,-0.024999999999999994,0.7000000000000004,0.035,0
2.1227999999999985,-0.024999999999999994,0.7100000000000004,0.035,0.0001
2.1347999999999985,0.035,0.7100000000000004,0.035,0
2.1349999999999985,0.035,0.7200000000000004,0.035,0.0001
2.1469999999999985,-0.024999999999999994,0.7200000000000004,0.035,0
2.1471999999999984,-0.024999999999999994,0.7300000000000004,0.035,0.0001
2.1591999999999985,0.035,0.7300000000000004,0.035,0
2.1593999999999984,0.035,0.7400000000000004,0.035,0.0001
2.1713999999999984,-0.024999999999999994,0.7400000000000004,0.035,0
2.1715999999999984,-0.024999999999999994,0.7500000000000004,0.035,0.0001
2.1835999999999984,0.035,0.7500000000000004,0.035,0
2.1837999999999984,0.035,0.7600000000000005,0.035,0.0001
2.1957999999999984,-0.024999999999999994,0.7600000000000005,0.035,0
2.1959999999999984,-0.024999999999999994,0.7700000000000005,0.035,0.0001
2.2079999999999984,0.035,0.7700000000000005,0.035,0
2.2081999999999984,0.035,0.7800000000000005,0.035,0.0001
2.2201999999999984,-0.024999999999999994,0.7800000000000005,0.035,0
2.2203999999999984,-0.024999999999999994,0.7900000000000005,0.035,0.0001
2.2323999999999984,0.035,0.7900000000000005,0.035,0
2.2325999999999984,0.035,0.8000000000000005,0.035,0.0001
2.2445999999999984,-0.024999999999999994,0.8000000000000005,0.035,0
2.2447999999999984,-0.024999999999999994,0.8100000000000005,0.035,0.0001
2.2567999999999984,0.035,0.8100000000000005,0.035,0
2.2569999999999983,0.035,0.8200000000000005,0.035,0.0001
2.2689999999999984,-0.024999999999999994,0.8200000000000005,0.035,0
2.2691999999999983,-0.024999999999999994,0.8300000000000005,0.035,0.0001
2.2811999999999983,0.035,0.8300000000000005,0.035,0
2.2813999999999983,0.035,0.8400000000000005,0.035,0.0001
2.2933999999999983,-0.024999999999999994,0.8400000000000005,0.035,0
2.2935999999999983,-0.024999999999999994,0.8500000000000005,0.035,0.0001
2.3055999999999983,0.035,0.8500000000000005,0.035,0
2.3057999999999983,0.035,0.8600000000000005,0.035,0.0001
2.3177999999999983,-0.024999999999999994,0.8600000000000005,0.035,0
2.3179999999999983,-0.024999999999999994,0.8700000000000006,0.035,0.0001
2.3299999999999983,0.035,0.8700000000000006,0.035,0
2.3301999999999983,0.035,0.8800000000000006,0.035,0.0001
2.3421999999999983,-0.024999999999999994,0.8800000000000006,0.035,0
2.3423999999999983,-0.024999999999999994,0.8900000000000006,0.035,0.0001
2.3543999999999983,0.035,0.8900000000000006,0.035,0
2.3545999999999982,0.035,0.9000000000000006,0.035,0.0001
2.3665999999999983,-0.024999999999999994,0.9000000000000006,0.035,0
2.3667999999999982,-0.024999999999999994,0.9100000000000006,0.035,0.0001
2.3787999999999982,0.035,0.9100000000000006,0.035,0
2.3789999999999982,0.035,0.9200000000000006,0.035,0.0001
2.3909999999999982,-0.024999999999999994,0.9200000000000006,0.035,0
2.391199999999998,-0.024999999999999994,0.9300000000000006,0.035,0.0001
2.4031999999999982,0.035,0.9300000000000006,0.035,0
2.403399999999998,0.035,0.9400000000000006,0.035,0.0001
2.415399999999998,-0.024999999999999994,0.9400000000000006,0.035,0
2.415599999999998,-0.024999999999999994,0.9500000000000006,0.035,0.0001
2.427599999999998,0.035,0.9500000000000006,0.035,0
2.427799999999998,0.035,0.9600000000000006,0.035,0.0001
2.439799999999998,-0.024999999999999994,0.9600000000000006,0.035,0
2.439999999999998,-0.024999999999999998,-0.03,0.045000000000000005,0.0001
2.451999999999998,0.035,-0.03,0.045000000000000005,0
2.452199999999998,0.035,-0.019999999999999997,0.045000000000000005,0.0001
2.464199999999998,-0.024999999999999994,-0.019999999999999997,0.045000000000000005,0
2.464399999999998,-0.024999999999999994,-0.009999999999999997,0.045000000000000005,0.0001
2.476399999999998,0.035,-0.009999999999999997,0.045000000000000005,0
2.476599999999998,0.035,3.469446951953614e-18,0.045000000000000005,0.0001
2.488599999999998,-0.024999999999999994,3.469446951953614e-18,0.045000000000000005,0
2.488799999999998,-0.024999999999999994,0.010000000000000004,0.045000000000000005,0.0001
2.500799999999998,0.035,0.010000000000000004,0.045000000000000005,0
2.500999999999998,0.035,0.020000000000000004,0.045000000000000005,0.0001
2.512999999999998,-0.024999999999999994,0.020000000000000004,0.045000000000000005,0
2.513199999999998,-0.024999999999999994,0.030000000000000006,0.045000000000000005,0.0001
2.525199999999998,0.035,0.030000000000000006,0.045000000000000005,0
2.525399999999998,0.035,0.04000000000000001,0.045000000000000005,0.0001
2.537399999999998,-0.024999999999999994,0.04000000000000001,0.045000000000000005,0
2.537599999999998,-0.024999999999999994,0.05000000000000001,0.045000000000000005,0.0001
2.549599999999998,0.035,0.05000000000000001,0.045000000000000005,0
2.549799999999998,0.035,0.06000000000000001,0.045000000000000005,0.0001
2.561799999999998,-0.024999999999999994,0.06000000000000001,0.045000000000000005,0
2.561999999999998,-0.024999999999999994,0.07,0.045000000000000005,0.0001
2.573999999999998,0.035,0.07,0.045000000000000005,0
2.574199999999998,0.035,0.08,0.045000000000000005,0.0001
2.586199999999998,-0.024999999999999994,0.08,0.045000000000000005,0
2.586399999999998,-0.024999999999999994,0.09,0.045000000000000005,0.0001
2.598399999999998,0.035,0.09,0.045000000000000005,0
2.598599999999998,0.035,0.09999999999999999,0.045000000000000005,0.0001
2.610599999999998,-0.024999999999999994,0.09999999999999999,0.045000000000000005,0
2.610799999999998,-0.024999999999999994,0.10999999999999999,0.045000000000000005,0.0001
2.622799999999998,0.035,0.10999999999999999,0.045000000000000005,0
2.622999999999998,0.035,0.11999999999999998,0.045000000000000005,0.0001
2.634999999999998,-0.024999999999999994,0.11999999999999998,0.045000000000000005,0
2.635199999999998,-0.024999999999999994,0.12999999999999998,0.045000000000000005,0.0001
2.647199999999998,0.035,0.12999999999999998,0.045000000000000005,0
2.647399999999998,0.035,0.13999999999999999,0.045000000000000005,0.0001
2.659399999999998,-0.024999999999999994,0.13999999999999999,0.045000000000000005,0
2.659599999999998,-0.024999999999999994,0.15,0.045000000000000005,0.0001
2.671599999999998,0.035,0.15,0.045000000000000005,0
2.671799999999998,0.035,0.16,0.045000000000000005,0.0001
2.683799999999998,-0.024999999999999994,0.16,0.045000000000000005,0
2.683999999999998,-0.024999999999999994,0.17,0.045000000000000005,0.0001
2.695999999999998,0.035,0.17,0.045000000000000005,0
2.696199999999998,0.035,0.18000000000000002,0.045000000000000005,0.0001
2.708199999999998,-0.024999999999999994,0.18000000000000002,0.045000000000000005,0
2.708399999999998,-0.024999999999999994,0.19000000000000003,0.045000000000000005,0.0001
2.720399999999998,0.035,0.19000000000000003,0.045000000000000005,0
2.720599999999998,0.035,0.20000000000000004,0.045000000000000005,0.0001
2.732599999999998,-0.024999999999999994,0.20000000000000004,0.045000000000000005,0
2.732799999999998,-0.024999999999999994,0.21000000000000005,0.045000000000000005,0.0001
2.744799999999998,0.035,0.21000000000000005,0.045000000000000005,0
2.744999999999998,0.035,0.22000000000000006,0.045000000000000005,0.0001
2.756999999999998,-0.024999999999999994,0.22000000000000006,0.045000000000000005,0
2.757199999999998,-0.024999999999999994,0.23000000000000007,0.045000000000000005,0.0001
2.769199999999998,0.035,0.23000000000000007,0.045000000000000005,0
2.769399999999998,0.035,0.24000000000000007,0.045000000000000005,0.0001
2.781399999999998,-0.024999999999999994,0.24000000000000007,0.045000000000000005,0
2.781599999999998,-0.024999999999999994,0.25000000000000006,0.045000000000000005,0.0001
2.793599999999998,0.035,0.25000000000000006,0.045000000000000005,0
2.793799999999998,0.035,0.26000000000000006,0.045000000000000005,0.0001
2.805799999999998,-0.024999999999999994,0.26000000000000006,0.045000000000000005,0
2.805999999999998,-0.024999999999999994,0.2700000000000001,0.045000000000000005,0.0001
2.817999999999998,0.035,0.2700000000000001,0.045000000000000005,0
2.818199999999998,0.035,0.2800000000000001,0.045000000000000005,0.0001
2.830199999999998,-0.024999999999999994,0.2800000000000001,0.045000000000000005,0
2.830399999999998,-0.024999999999999994,0.2900000000000001,0.045000000000000005,0.0001
2.842399999999998,0.035,0.2900000000000001,0.045000000000000005,0
2.842599999999998,0.035,0.3000000000000001,0.045000000000000005,0.0001
2.854599999999998,-0.024999999999999994,0.3000000000000001,0.045000000000000005,0
2.854799999999998,-0.024999999999999994,0.3100000000000001,0.045000000000000005,0.0001
2.866799999999998,0.035,0.3100000000000001,0.045000000000000005,0
2.8669999999999978,0.035,0.3200000000000001,0.045000000000000005,0.0001
2.878999999999998,-0.024999999999999994,0.3200000000000001,0.045000000000000005,0
2.8791999999999978,-0.024999999999999994,0.3300000000000001,0.045000000000000005,0.0001
2.8911999999999978,0.035,0.3300000000000001,0.045000000000000005,0
2.8913999999999977,0.035,0.34000000000000014,0.045000000000000005,0.0001
2.9033999999999978,-0.024999999999999994,0.34000000000000014,0.045000000000000005,0
2.9035999999999977,-0.024999999999999994,0.35000000000000014,0.045000000000000005,0.0001
2.9155999999999977,0.035,0.35000000000000014,0.045000000000000005,0
2.9157999999999977,0.035,0.36000000000000015,0.045000000000000005,0.0001
2.9277999999999977,-0.024999999999999994,0.36000000000000015,0.045000000000000005,0
2.9279999999999977,-0.024999999999999994,0.37000000000000016,0.045000000000000005,0.0001
2.9399999999999977,0.035,0.37000000000000016,0.045000000000000005,0
2.9401999999999977,0.035,0.38000000000000017,0.045000000000000005,0.0001
2.9521999999999977,-0.024999999999999994,0.38000000000000017,0.045000000000000005,0
2.9523999999999977,-0.024999999999999994,0.3900000000000002,0.045000000000000005,0.0001
2.9643999999999977,0.035,0.3900000000000002,0.045000000000000005,0
2.9645999999999977,0.035,0.4000000000000002,0.045000000000000005,0.0001
2.9765999999999977,-0.024999999999999994,0.4000000000000002,0.045000000000000005,0
2.9767999999999977,-0.024999999999999994,0.4100000000000002,0.045000000000000005,0.0001
2.9887999999999977,0.035,0.4100000000000002,0.045000000000000005,0
2.9889999999999977,0.035,0.4200000000000002,0.045000000000000005,0.0001
3.0009999999999977,-0.024999999999999994,0.4200000000000002,0.045000000000000005,0
3.0011999999999976,-0.024999999999999994,0.4300000000000002,0.045000000000000005,0.0001
3.0131999999999977,0.035,0.4300000000000002,0.045000000000000005,0
3.0133999999999976,0.035,0.4400000000000002,0.045000000000000005,0.0001
3.0253999999999976,-0.024999999999999994,0.4400000000000002,0.045000000000000005,0
3.0255999999999976,-0.024999999999999994,0.45000000000000023,0.045000000000000005,0.0001
3.0375999999999976,0.035,0.45000000000000023,0.045000000000000005,0
3.0377999999999976,0.035,0.46000000000000024,0.045000000000000005,0.0001
3.0497999999999976,-0.024999999999999994,0.46000000000000024,0.045000000000000005,0
3.0499999999999976,-0.024999999999999994,0.47000000000000025,0.045000000000000005,0.0001
3.0619999999999976,0.035,0.47000000000000025,0.045000000000000005,0
3.0621999999999976,0.035,0.48000000000000026,0.045000000000000005,0.0001
3.0741999999999976,-0.024999999999999994,0.48000000000000026,0.045000000000000005,0
3.0743999999999976,-0.024999999999999994,0.49000000000000027,0.045000000000000005,0.0001
3.0863999999999976,0.035,0.49000000000000027,0.045000000000000005,0
3.0865999999999976,0.035,0.5000000000000002,0.045000000000000005,0.0001
3.0985999999999976,-0.024999999999999994,0.5000000000000002,0.045000000000000005,0
3.0987999999999976,-0.024999999999999994,0.5100000000000002,0.045000000000000005,0.0001
3.1107999999999976,0.035,0.5100000000000002,0.045000000000000005,0
3.1109999999999975,0.035,0.5200000000000002,0.045000000000000005,0.0001
3.1229999999999976,-0.024999999999999994,0.5200000000000002,0.045000000000000005,0
3.1231999999999975,-0.024999999999999994,0.5300000000000002,0.045000000000000005,0.0001
3.1351999999999975,0.035,0.5300000000000002,0.045000000000000005,0
3.1353999999999975,0.035,0.5400000000000003,0.045000000000000005,0.0001
3.1473999999999975,-0.024999999999999994,0.5400000000000003,0.045000000000000005,0
3.1475999999999975,-0.024999999999999994,0.5500000000000003,0.045000000000000005,0.0001
3.1595999999999975,0.035,0.5500000000000003,0.045000000000000005,0
3.1597999999999975,0.035,0.5600000000000003,0.045000000000000005,0.0001
3.1717999999999975,-0.024999999999999994,0.5600000000000003,0.045000000000000005,0
3.1719999999999975,-0.024999999999999994,0.5700000000000003,0.045000000000000005,0.0001
3.1839999999999975,0.035,0.5700000000000003,0.045000000000000005,0
3.1841999999999975,0.035,0.5800000000000003,0.045000000000000005,0.0001
3.1961999999999975,-0.024999999999999994,0.5800000000000003,0.045000000000000005,0
3.1963999999999975,-0.024999999999999994,0.5900000000000003,0.045000000000000005,0.0001
3.2083999999999975,0.035,0.5900000000000003,0.045000000000000005,0
3.2085999999999975,0.035,0.6000000000000003,0.045000000000000005,0.0001
3.2205999999999975,-0.024999999999999994,0.6000000000000003,0.045000000000000005,0
3.2207999999999974,-0.024999999999999994,0.6100000000000003,0.045000000000000005,0.0001
3.2327999999999975,0.035,0.6100000000000003,0.045000000000000005,0
3.2329999999999974,0.035,0.6200000000000003,0.045000000000000005,0.0001
3.2449999999999974,-0.024999999999999994,0.6200000000000003,0.045000000000000005,0
3.2451999999999974,-0.024999999999999994,0.6300000000000003,0.045000000000000005,0.0001
3.2571999999999974,0.035,0.6300000000000003,0.045000000000000005,0
3.2573999999999974,0.035,0.6400000000000003,0.045000000000000005,0.0001
3.2693999999999974,-0.024999999999999994,0.6400000000000003,0.045000000000000005,0
3.2695999999999974,-0.024999999999999994,0.6500000000000004,0.045000000000000005,0.0001
3.2815999999999974,0.035,0.6500000000000004,0.045000000000000005,0
3.2817999999999974,0.035,0.6600000000000004,0.045000000000000005,0.0001
3.2937999999999974,-0.024999999999999994,0.6600000000000004,0.045000000000000005,0
3.2939999999999974,-0.024999999999999994,0.6700000000000004,0.045000000000000005,0.0001
3.3059999999999974,0.035,0.6700000000000004,0.045000000000000005,0
3.3061999999999974,0.035,0.6800000000000004,0.045000000000000005,0.0001
3.3181999999999974,-0.024999999999999994,0.6800000000000004,0.045000000000000005,0
3.3183999999999974,-0.024999999999999994,0.6900000000000004,0.045000000000000005,0.0001
3.3303999999999974,0.035,0.6900000000000004,0.045000000000000005,0
3.3305999999999973,0.035,0.7000000000000004,0.045000000000000005,0.0001
3.3425999999999974,-0.024999999999999994,0.7000000000000004,0.045000000000000005,0
3.3427999999999973,-0.024999999999999994,0.7100000000000004,0.045000000000000005,0.0001
3.3547999999999973,0.035,0.7100000000000004,0.045000000000000005,0
3.3549999999999973,0.035,0.7200000000000004,0.045000000000000005,0.0001
3.3669999999999973,-0.024999999999999994,0.7200000000000004,0.045000000000000005,0
3.3671999999999973,-0.024999999999999994,0.7300000000000004,0.045000000000000005,0.0001
3.3791999999999973,0.035,0.7300000000000004,0.045000000000000005,0
3.3793999999999973,0.035,0.7400000000000004,0.045000000000000005,0.0001
3.3913999999999973,-0.024999999999999994,0.7400000000000004,0.045000000000000005,0
3.3915999999999973,-0.024999999999999994,0.7500000000000004,0.045000000000000005,0.0001
3.4035999999999973,0.035,0.7500000000000004,0.045000000000000005,0
3.4037999999999973,0.035,0.7600000000000005,0.045000000000000005,0.0001
3.4157999999999973,-0.024999999999999994,0.7600000000000005,0.045000000000000005,0
3.4159999999999973,-0.024999999999999994,0.7700000000000005,0.045000000000000005,0.0001
3.4279999999999973,0.035,0.7700000000000005,0.045000000000000005,0
3.4281999999999972,0.035,0.7800000000000005,0.045000000000000005,0.0001
3.4401999999999973,-0.024999999999999994,0.7800000000000005,0.045000000000000005,0
3.4403999999999972,-0.024999999999999994,0.7900000000000005,0.045000000000000005,0.0001
3.4523999999999972,0.035,0.7900000000000005,0.045000000000000005,0
3.4525999999999972,0.035,0.8000000000000005,0.045000000000000005,0.0001
3.4645999999999972,-0.024999999999999994,0.8000000000000005,0.045000000000000005,0
3.464799999999997,-0.024999999999999994,0.8100000000000005,0.045000000000000005,0.0001
3.4767999999999972,0.035,0.8100000000000005,0.045000000000000005,0
3.476999999999997,0.035,0.8200000000000005,0.045000000000000005,0.0001
3.488999999999997,-0.024999999999999994,0.8200000000000005,0.045000000000000005,0
3.489199999999997,-0.024999999999999994,0.8300000000000005,0.045000000000000005,0.0001
3.501199999999997,0.035,0.8300000000000005,0.045000000000000005,0
3.501399999999997,0.035,0.8400000000000005,0.045000000000000005,0.0001
3.513399999999997,-0.024999999999999994,0.8400000000000005,0.045000000000000005,0
3.513599999999997,-0.024999999999999994,0.8500000000000005,0.045000000000000005,0.0001
3.525599999999997,0.035,0.8500000000000005,0.045000000000000005,0
3.525799999999997,0.035,0.8600000000000005,0.045000000000000005,0.0001
3.537799999999997,-0.024999999999999994,0.8600000000000005,0.045000000000000005,0
3.537999999999997,-0.024999999999999994,0.8700000000000006,0.045000000000000005,0.0001
3.549999999999997,0.035,0.8700000000000006,0.045000000000000005,0
3.550199999999997,0.035,0.8800000000000006,0.045000000000000005,0.0001
3.562199999999997,-0.024999999999999994,0.8800000000000006,0.045000000000000005,0
3.562399999999997,-0.024999999999999994,0.8900000000000006,0.045000000000000005,0.0001
3.574399999999997,0.035,0.8900000000000006,0.045000000000000005,0
3.574599999999997,0.035,0.9000000000000006,0.045000000000000005,0.0001
3.586599999999997,-0.024999999999999994,0.9000000000000006,0.045000000000000005,0
3.586799999999997,-0.024999999999999994,0.9100000000000006,0.045000000000000005,0.0001
3.598799999999997,0.035,0.9100000000000006,0.045000000000000005,0
3.598999999999997,0.035,0.9200000000000006,0.045000000000000005,0.0001
3.610999999999997,-0.024999999999999994,0.9200000000000006,0.045000000000000005,0
3.611199999999997,-0.024999999999999994,0.9300000000000006,0.045000000000000005,0.0001
3.623199999999997,0.035,0.9300000000000006,0.045000000000000005,0
3.623399999999997,0.035,0.9400000000000006,0.045000000000000005,0.0001
3.635399999999997,-0.024999999999999994,0.9400000000000006,0.045000000000000005,0
3.635599999999997,-0.024999999999999994,0.9500000000000006,0.045000000000000005,0.0001
3.647599999999997,0.035,0.9500000000000006,0.045000000000000005,0
3.647799999999997,0.035,0.9600000000000006,0.045000000000000005,0.0001
3.659799999999997,-0.024999999999999994,0.9600000000000006,0.045000000000000005,0
3.659999999999997,-0.024999999999999998,-0.03,0.05500000000000001,0.0001
3.671999999999997,0.035,-0.03,0.05500000000000001,0
3.672199999999997,0.035,-0.019999999999999997,0.05500000000000001,0.0001
3.684199999999997,-0.024999999999999994,-0.019999999999999997,0.05500000000000001,0
3.684399999999997,-0.024999999999999994,-0.009999999999999997,0.05500000000000001,0.0001
3.696399999999997,0.035,-0.009999999999999997,0.05500000000000001,0
3.696599999999997,0.035,3.469446951953614e-18,0.05500000000000001,0.0001
3.708599999999997,-0.024999999999999994,3.469446951953614e-18,0.05500000000000001,0
3.708799999999997,-0.024999999999999994,0.010000000000000004,0.05500000000000001,0.0001
3.720799999999997,0.035,0.010000000000000004,0.05500000000000001,0
3.720999999999997,0.035,0.020000000000000004,0.05500000000000001,0.0001
3.732999999999997,-0.024999999999999994,0.020000000000000004,0.05500000000000001,0
3.733199999999997,-0.024999999999999994,0.030000000000000006,0.05500000000000001,0.0001
3.745199999999997,0.035,0.030000000000000006,0.05500000000000001,0
3.745399999999997,0.035,0.04000000000000001,0.05500000000000001,0.0001
3.757399999999997,-0.024999999999999994,0.04000000000000001,0.05500000000000001,0
3.757599999999997,-0.024999999999999994,0.05000000000000001,0.05500000000000001,0.0001
3.769599999999997,0.035,0.05000000000000001,0.05500000000000001,0
3.769799999999997,0.035,0.06000000000000001,0.05500000000000001,0.0001
3.781799999999997,-0.024999999999999994,0.06000000000000001,0.05500000000000001,0
3.781999999999997,-0.024999999999999994,0.07,0.05500000000000001,0.0001
3.793999999999997,0.035,0.07,0.05500000000000001,0
3.794199999999997,0.035,0.08,0.05500000000000001,0.0001
3.806199999999997,-0.024999999999999994,0.08,0.05500000000000001,0
3.806399999999997,-0.024999999999999994,0.09,0.05500000000000001,0.0001
3.818399999999997,0.035,0.09,0.05500000000000001,0
3.818599999999997,0.035,0.09999999999999999,0.05500000000000001,0.0001
3.830599999999997,-0.024999999999999994,0.09999999999999999,0.05500000000000001,0
3.830799999999997,-0.024999999999999994,0.10999999999999999,0.05500000000000001,0.0001
3.842799999999997,0.035,0.10999999999999999,0.05500000000000001,0
3.842999999999997,0.035,0.11999999999999998,0.05500000000000001,0.0001
3.854999999999997,-0.024999999999999994,0.11999999999999998,0.05500000000000001,0
3.855199999999997,-0.024999999999999994,0.12999999999999998,0.05500000000000001,0.0001
3.867199999999997,0.035,0.12999999999999998,0.05500000000000001,0
3.867399999999997,0.035,0.13999999999999999,0.05500000000000001,0.0001
3.879399999999997,-0.024999999999999994,0.13999999999999999,0.05500000000000001,0
3.879599999999997,-0.024999999999999994,0.15,0.05500000000000001,0.0001
3.891599999999997,0.035,0.15,0.05500000000000001,0
3.891799999999997,0.035,0.16,0.05500000000000001,0.0001
3.903799999999997,-0.024999999999999994,0.16,0.05500000000000001,0
3.903999999999997,-0.024999999999999994,0.17,0.05500000000000001,0.0001
3.915999999999997,0.035,0.17,0.05500000000000001,0
3.916199999999997,0.035,0.18000000000000002,0.05500000000000001,0.0001
3.928199999999997,-0.024999999999999994,0.18000000000000002,0.05500000000000001,0
3.928399999999997,-0.024999999999999994,0.19000000000000003,0.05500000000000001,0.0001
3.940399999999997,0.035,0.19000000000000003,0.05500000000000001,0
3.9405999999999968,0.035,0.20000000000000004,0.05500000000000001,0.0001
3.952599999999997,-0.024999999999999994,0.20000000000000004,0.05500000000000001,0
3.9527999999999968,-0.024999999999999994,0.21000000000000005,0.05500000000000001,0.0001
3.9647999999999968,0.035,0.21000000000000005,0.05500000000000001,0
3.9649999999999967,0.035,0.22000000000000006,0.05500000000000001,0.0001
3.9769999999999968,-0.024999999999999994,0.22000000000000006,0.05500000000000001,0
3.9771999999999967,-0.024999999999999994,0.23000000000000007,0.05500000000000001,0.0001
3.9891999999999967,0.035,0.23000000000000007,0.05500000000000001,0
3.9893999999999967,0.035,0.24000000000000007,0.05500000000000001,0.0001
4.001399999999997,-0.024999999999999994,0.24000000000000007,0.05500000000000001,0
4.001599999999997,-0.024999999999999994,0.25000000000000006,0.05500000000000001,0.0001
4.013599999999997,0.035,0.25000000000000006,0.05500000000000001,0
4.013799999999997,0.035,0.26000000000000006,0.05500000000000001,0.0001
4.025799999999997,-0.024999999999999994,0.26000000000000006,0.05500000000000001,0
4.025999999999997,-0.024999999999999994,0.2700000000000001,0.05500000000000001,0.0001
4.037999999999997,0.035,0.2700000000000001,0.05500000000000001,0
4.038199999999997,0.035,0.2800000000000001,0.05500000000000001,0.0001
4.050199999999997,-0.024999999999999994,0.2800000000000001,0.05500000000000001,0
4.050399999999997,-0.024999999999999994,0.2900000000000001,0.05500000000000001,0.0001
4.062399999999997,0.035,0.2900000000000001,0.05500000000000001,0
4.062599999999997,0.035,0.3000000000000001,0.05500000000000001,0.0001
4.074599999999997,-0.024999999999999994,0.3000000000000001,0.05500000000000001,0
4.074799999999997,-0.024999999999999994,0.3100000000000001,0.05500000000000001,0.0001
4.086799999999997,0.035,0.3100000000000001,0.05500000000000001,0
4.086999999999997,0.035,0.3200000000000001,0.05500000000000001,0.0001
4.098999999999997,-0.024999999999999994,0.3200000000000001,0.05500000000000001,0
4.099199999999997,-0.024999999999999994,0.3300000000000001,0.05500000000000001,0.0001
4.111199999999997,0.035,0.3300000000000001,0.05500000000000001,0
4.111399999999997,0.035,0.34000000000000014,0.05500000000000001,0.0001
4.123399999999997,-0.024999999999999994,0.34000000000000014,0.05500000000000001,0
4.123599999999997,-0.024999999999999994,0.35000000000000014,0.05500000000000001,0.0001
4.135599999999997,0.035,0.35000000000000014,0.05500000000000001,0
4.135799999999997,0.035,0.36000000000000015,0.05500000000000001,0.0001
4.147799999999997,-0.024999999999999994,0.36000000000000015,0.05500000000000001,0
4.147999999999997,-0.024999999999999994,0.37000000000000016,0.05500000000000001,0.0001
4.159999999999997,0.035,0.37000000000000016,0.05500000000000001,0
4.160199999999997,0.035,0.38000000000000017,0.05500000000000001,0.0001
4.172199999999997,-0.024999999999999994,0.38000000000000017,0.05500000000000001,0
4.172399999999997,-0.024999999999999994,0.3900000000000002,0.05500000000000001,0.0001
4.184399999999997,0.035,0.3900000000000002,0.05500000000000001,0
4.184599999999997,0.035,0.4000000000000002,0.05500000000000001,0.0001
4.1965999999999966,-0.024999999999999994,0.4000000000000002,0.05500000000000001,0
4.196799999999997,-0.024999999999999994,0.4100000000000002,0.05500000000000001,0.0001
4.2087999999999965,0.035,0.4100000000000002,0.05500000000000001,0
4.208999999999997,0.035,0.4200000000000002,0.05500000000000001,0.0001
4.2209999999999965,-0.024999999999999994,0.4200000000000002,0.05500000000000001,0
4.221199999999997,-0.024999999999999994,0.4300000000000002,0.05500000000000001,0.0001
4.2331999999999965,0.035,0.4300000000000002,0.05500000000000001,0
4.233399999999997,0.035,0.4400000000000002,0.05500000000000001,0.0001
4.2453999999999965,-0.024999999999999994,0.4400000000000002,0.05500000000000001,0
4.245599999999997,-0.024999999999999994,0.45000000000000023,0.05500000000000001,0.0001
4.2575999999999965,0.035,0.45000000000000023,0.05500000000000001,0
4.257799999999997,0.035,0.46000000000000024,0.05500000000000001,0.0001
4.2697999999999965,-0.024999999999999994,0.46000000000000024,0.05500000000000001,0
4.269999999999997,-0.024999999999999994,0.47000000000000025,0.05500000000000001,0.0001
4.2819999999999965,0.035,0.47000000000000025,0.05500000000000001,0
4.282199999999997,0.035,0.48000000000000026,0.05500000000000001,0.0001
4.2941999999999965,-0.024999999999999994,0.48000000000000026,0.05500000000000001,0
4.294399999999997,-0.024999999999999994,0.49000000000000027,0.05500000000000001,0.0001
4.3063999999999965,0.035,0.49000000000000027,0.05500000000000001,0
4.306599999999997,0.035,0.5000000000000002,0.05500000000000001,0.0001
4.318599999999996,-0.024999999999999994,0.5000000000000002,0.05500000000000001,0
4.318799999999997,-0.024999999999999994,0.5100000000000002,0.05500000000000001,0.0001
4.330799999999996,0.035,0.5100000000000002,0.05500000000000001,0
4.330999999999997,0.035,0.5200000000000002,0.05500000000000001,0.0001
4.342999999999996,-0.024999999999999994,0.5200000000000002,0.05500000000000001,0
4.343199999999997,-0.024999999999999994,0.5300000000000002,0.05500000000000001,0.0001
4.355199999999996,0.035,0.5300000000000002,0.05500000000000001,0
4.355399999999997,0.035,0.5400000000000003,0.05500000000000001,0.0001
4.367399999999996,-0.024999999999999994,0.5400000000000003,0.05500000000000001,0
4.367599999999997,-0.024999999999999994,0.5500000000000003,0.05500000000000001,0.0001
4.379599999999996,0.035,0.5500000000000003,0.05500000000000001,0
4.379799999999997,0.035,0.5600000000000003,0.05500000000000001,0.0001
4.391799999999996,-0.024999999999999994,0.5600000000000003,0.05500000000000001,0
4.391999999999997,-0.024999999999999994,0.5700000000000003,0.05500000000000001,0.0001
4.403999999999996,0.035,0.5700000000000003,0.05500000000000001,0
4.404199999999997,0.035,0.5800000000000003,0.05500000000000001,0.0001
4.416199999999996,-0.024999999999999994,0.5800000000000003,0.05500000000000001,0
4.416399999999997,-0.024999999999999994,0.5900000000000003,0.05500000000000001,0.0001
4.428399999999996,0.035,0.5900000000000003,0.05500000000000001,0
4.428599999999997,0.035,0.6000000000000003,0.05500000000000001,0.0001
4.440599999999996,-0.024999999999999994,0.6000000000000003,0.05500000000000001,0
4.440799999999997,-0.024999999999999994,0.6100000000000003,0.05500000000000001,0.0001
4.452799999999996,0.035,0.6100000000000003,0.05500000000000001,0
4.452999999999997,0.035,0.6200000000000003,0.05500000000000001,0.0001
4.464999999999996,-0.024999999999999994,0.6200000000000003,0.05500000000000001,0
4.465199999999997,-0.024999999999999994,0.6300000000000003,0.05500000000000001,0.0001
4.477199999999996,0.035,0.6300000000000003,0.05500000000000001,0
4.477399999999997,0.035,0.6400000000000003,0.05500000000000001,0.0001
4.489399999999996,-0.024999999999999994,0.6400000000000003,0.05500000000000001,0
4.489599999999997,-0.024999999999999994,0.6500000000000004,0.05500000000000001,0.0001
4.501599999999996,0.035,0.6500000000000004,0.05500000000000001,0
4.501799999999997,0.035,0.6600000000000004,0.05500000000000001,0.0001
4.513799999999996,-0.024999999999999994,0.6600000000000004,0.05500000000000001,0
4.513999999999997,-0.024999999999999994,0.6700000000000004,0.05500000000000001,0.0001
4.525999999999996,0.035,0.6700000000000004,0.05500000000000001,0
4.526199999999997,0.035,0.6800000000000004,0.05500000000000001,0.0001
4.538199999999996,-0.024999999999999994,0.6800000000000004,0.05500000000000001,0
4.538399999999997,-0.024999999999999994,0.6900000000000004,0.05500000000000001,0.0001
4.550399999999996,0.035,0.6900000000000004,0.05500000000000001,0
4.550599999999997,0.035,0.7000000000000004,0.05500000000000001,0.0001
4.562599999999996,-0.024999999999999994,0.7000000000000004,0.05500000000000001,0
4.562799999999997,-0.024999999999999994,0.7100000000000004,0.05500000000000001,0.0001
4.574799999999996,0.035,0.7100000000000004,0.05500000000000001,0
4.574999999999997,0.035,0.7200000000000004,0.05500000000000001,0.0001
4.586999999999996,-0.024999999999999994,0.7200000000000004,0.05500000000000001,0
4.587199999999997,-0.024999999999999994,0.7300000000000004,0.05500000000000001,0.0001
4.599199999999996,0.035,0.7300000000000004,0.05500000000000001,0
4.599399999999997,0.035,0.7400000000000004,0.05500000000000001,0.0001
4.611399999999996,-0.024999999999999994,0.7400000000000004,0.05500000000000001,0
4.611599999999997,-0.024999999999999994,0.7500000000000004,0.05500000000000001,0.0001
4.623599999999996,0.035,0.7500000000000004,0.05500000000000001,0
4.623799999999997,0.035,0.7600000000000005,0.05500000000000001,0.0001
4.635799999999996,-0.024999999999999994,0.7600000000000005,0.05500000000000001,0
4.635999999999997,-0.024999999999999994,0.7700000000000005,0.05500000000000001,0.0001
4.647999999999996,0.035,0.7700000000000005,0.05500000000000001,0
4.648199999999997,0.035,0.7800000000000005,0.05500000000000001,0.0001
4.660199999999996,-0.024999999999999994,0.7800000000000005,0.05500000000000001,0
4.6603999999999965,-0.024999999999999994,0.7900000000000005,0.05500000000000001,0.0001
4.672399999999996,0.035,0.7900000000000005,0.05500000000000001,0
4.6725999999999965,0.035,0.8000000000000005,0.05500000000000001,0.0001
4.684599999999996,-0.024999999999999994,0.8000000000000005,0.05500000000000001,0
4.6847999999999965,-0.024999999999999994,0.8100000000000005,0.05500000000000001,0.0001
4.696799999999996,0.035,0.8100000000000005,0.05500000000000001,0
4.6969999999999965,0.035,0.8200000000000005,0.05500000000000001,0.0001
4.708999999999996,-0.024999999999999994,0.8200000000000005,0.05500000000000001,0
4.7091999999999965,-0.024999999999999994,0.8300000000000005,0.05500000000000001,0.0001
4.721199999999996,0.035,0.8300000000000005,0.05500000000000001,0
4.7213999999999965,0.035,0.8400000000000005,0.05500000000000001,0.0001
4.733399999999996,-0.024999999999999994,0.8400000000000005,0.05500000000000001,0
4.7335999999999965,-0.024999999999999994,0.8500000000000005,0.05500000000000001,0.0001
4.745599999999996,0.035,0.8500000000000005,0.05500000000000001,0
4.7457999999999965,0.035,0.8600000000000005,0.05500000000000001,0.0001
4.757799999999996,-0.024999999999999994,0.8600000000000005,0.05500000000000001,0
4.7579999999999965,-0.024999999999999994,0.8700000000000006,0.05500000000000001,0.0001
4.769999999999996,0.035,0.8700000000000006,0.05500000000000001,0
4.770199999999996,0.035,0.8800000000000006,0.05500000000000001,0.0001
4.782199999999996,-0.024999999999999994,0.8800000000000006,0.05500000000000001,0
4.782399999999996,-0.024999999999999994,0.8900000000000006,0.05500000000000001,0.0001
4.794399999999996,0.035,0.8900000000000006,0.05500000000000001,0
4.794599999999996,0.035,0.9000000000000006,0.05500000000000001,0.0001
4.806599999999996,-0.024999999999999994,0.9000000000000006,0.05500000000000001,0
4.806799999999996,-0.024999999999999994,0.9100000000000006,0.05500000000000001,0.0001
4.818799999999996,0.035,0.9100000000000006,0.05500000000000001,0
4.818999999999996,0.035,0.9200000000000006,0.05500000000000001,0.0001
4.830999999999996,-0.024999999999999994,0.9200000000000006,0.05500000000000001,0
4.831199999999996,-0.024999999999999994,0.9300000000000006,0.05500000000000001,0.0001
4.843199999999996,0.035,0.9300000000000006,0.05500000000000001,0
4.843399999999996,0.035,0.9400000000000006,0.05500000000000001,0.0001
4.855399999999996,-0.024999999999999994,0.9400000000000006,0.05500000000000001,0
4.855599999999996,-0.024999999999999994,0.9500000000000006,0.05500000000000001,0.0001
4.867599999999996,0.035,0.9500000000000006,0.05500000000000001,0
4.867799999999996,0.035,0.9600000000000006,0.05500000000000001,0.0001
4.879799999999996,-0.024999999999999994,0.9600000000000006,0.05500000000000001,0
4.879999999999996,-0.024999999999999998,-0.03,0.065,0.0001
4.891999999999996,0.035,-0.03,0.065,0
4.892199999999996,0.035,-0.019999999999999997,0.065,0.0001
4.904199999999996,-0.024999999999999994,-0.019999999999999997,0.065,0
4.904399999999996,-0.024999999999999994,-0.009999999999999997,0.065,0.0001
4.916399999999996,0.035,-0.009999999999999997,0.065,0
4.916599999999996,0.035,3.469446951953614e-18,0.065,0.0001
4.928599999999996,-0.024999999999999994,3.469446951953614e-18,0.065,0
4.928799999999996,-0.024999999999999994,0.010000000000000004,0.065,0.0001
4.940799999999996,0.035,0.010000000000000004,0.065,0
4.940999999999996,0.035,0.020000000000000004,0.065,0.0001
4.952999999999996,-0.024999999999999994,0.020000000000000004,0.065,0
4.953199999999996,-0.024999999999999994,0.030000000000000006,0.065,0.0001
4.965199999999996,0.035,0.030000000000000006,0.065,0
4.965399999999996,0.035,0.04000000000000001,0.065,0.0001
4.977399999999996,-0.024999999999999994,0.04000000000000001,0.065,0
4.977599999999996,-0.024999999999999994,0.05000000000000001,0.065,0.0001
4.989599999999996,0.035,0.05000000000000001,0.065,0
4.989799999999996,0.035,0.06000000000000001,0.065,0.0001
5.001799999999996,-0.024999999999999994,0.06000000000000001,0.065,0
5.001999999999996,-0.024999999999999994,0.07,0.065,0.0001
5.013999999999996,0.035,0.07,0.065,0
5.014199999999996,0.035,0.08,0.065,0.0001
5.026199999999996,-0.024999999999999994,0.08,0.065,0
5.026399999999996,-0.024999999999999994,0.09,0.065,0.0001
5.038399999999996,0.035,0.09,0.065,0
5.038599999999996,0.035,0.09999999999999999,0.065,0.0001
5.050599999999996,-0.024999999999999994,0.09999999999999999,0.065,0
5.050799999999996,-0.024999999999999994,0.10999999999999999,0.065,0.0001
5.062799999999996,0.035,0.10999999999999999,0.065,0
5.062999999999996,0.035,0.11999999999999998,0.065,0.0001
5.074999999999996,-0.024999999999999994,0.11999999999999998,0.065,0
5.075199999999996,-0.024999999999999994,0.12999999999999998,0.065,0.0001
5.087199999999996,0.035,0.12999999999999998,0.065,0
5.087399999999996,0.035,0.13999999999999999,0.065,0.0001
5.099399999999996,-0.024999999999999994,0.13999999999999999,0.065,0
5.099599999999996,-0.024999999999999994,0.15,0.065,0.0001
5.111599999999996,0.035,0.15,0.065,0
5.111799999999996,0.035,0.16,0.065,0.0001
5.123799999999996,-0.024999999999999994,0.16,0.065,0
5.123999999999996,-0.024999999999999994,0.17,0.065,0.0001
5.135999999999996,0.035,0.17,0.065,0
5.136199999999996,0.035,0.18000000000000002,0.065,0.0001
5.148199999999996,-0.024999999999999994,0.18000000000000002,0.065,0
5.148399999999996,-0.024999999999999994,0.19000000000000003,0.065,0.0001
5.160399999999996,0.035,0.19000000000000003,0.065,0
5.160599999999996,0.035,0.20000000000000004,0.065,0.0001
5.172599999999996,-0.024999999999999994,0.20000000000000004,0.065,0
5.172799999999996,-0.024999999999999994,0.21000000000000005,0.065,0.0001
5.184799999999996,0.035,0.21000000000000005,0.065,0
5.184999999999996,0.035,0.22000000000000006,0.065,0.0001
5.196999999999996,-0.024999999999999994,0.22000000000000006,0.065,0
5.197199999999996,-0.024999999999999994,0.23000000000000007,0.065,0.0001
5.209199999999996,0.035,0.23000000000000007,0.065,0
5.209399999999996,0.035,0.24000000000000007,0.065,0.0001
5.221399999999996,-0.024999999999999994,0.24000000000000007,0.065,0
5.221599999999996,-0.024999999999999994,0.25000000000000006,0.065,0.0001
5.233599999999996,0.035,0.25000000000000006,0.065,0
5.233799999999996,0.035,0.26000000000000006,0.065,0.0001
5.245799999999996,-0.024999999999999994,0.26000000000000006,0.065,0
5.245999999999996,-0.024999999999999994,0.2700000000000001,0.065,0.0001
5.257999999999996,0.035,0.2700000000000001,0.065,0
5.258199999999996,0.035,0.2800000000000001,0.065,0.0001
5.2701999999999956,-0.024999999999999994,0.2800000000000001,0.065,0
5.270399999999996,-0.024999999999999994,0.2900000000000001,0.065,0.0001
5.2823999999999955,0.035,0.2900000000000001,0.065,0
5.282599999999996,0.035,0.3000000000000001,0.065,0.0001
5.2945999999999955,-0.024999999999999994,0.3000000000000001,0.065,0
5.294799999999996,-0.024999999999999994,0.3100000000000001,0.065,0.0001
5.3067999999999955,0.035,0.3100000000000001,0.065,0
5.306999999999996,0.035,0.3200000000000001,0.065,0.0001
5.3189999999999955,-0.024999999999999994,0.3200000000000001,0.065,0
5.319199999999996,-0.024999999999999994,0.3300000000000001,0.065,0.0001
5.3311999999999955,0.035,0.3300000000000001,0.065,0
5.331399999999996,0.035,0.34000000000000014,0.065,0.0001
5.3433999999999955,-0.024999999999999994,0.34000000000000014,0.065,0
5.343599999999996,-0.024999999999999994,0.35000000000000014,0.065,0.0001
5.3555999999999955,0.035,0.35000000000000014,0.065,0
5.355799999999996,0.035,0.36000000000000015,0.065,0.0001
5.3677999999999955,-0.024999999999999994,0.36000000000000015,0.065,0
5.367999999999996,-0.024999999999999994,0.37000000000000016,0.065,0.0001
5.3799999999999955,0.035,0.37000000000000016,0.065,0
5.380199999999996,0.035,0.38000000000000017,0.065,0.0001
5.392199999999995,-0.024999999999999994,0.38000000000000017,0.065,0
5.392399999999996,-0.024999999999999994,0.3900000000000002,0.065,0.0001
5.404399999999995,0.035,0.3900000000000002,0.065,0
5.404599999999996,0.035,0.4000000000000002,0.065,0.0001
5.416599999999995,-0.024999999999999994,0.4000000000000002,0.065,0
5.416799999999996,-0.024999999999999994,0.4100000000000002,0.065,0.0001
5.428799999999995,0.035,0.4100000000000002,0.065,0
5.428999999999996,0.035,0.4200000000000002,0.065,0.0001
5.440999999999995,-0.024999999999999994,0.4200000000000002,0.065,0
5.441199999999996,-0.024999999999999994,0.4300000000000002,0.065,0.0001
5.453199999999995,0.035,0.4300000000000002,0.065,0
5.453399999999996,0.035,0.4400000000000002,0.065,0.0001
5.465399999999995,-0.024999999999999994,0.4400000000000002,0.065,0
5.465599999999996,-0.024999999999999994,0.45000000000000023,0.065,0.0001
5.477599999999995,0.035,0.45000000000000023,0.065,0
5.477799999999996,0.035,0.46000000000000024,0.065,0.0001
5.489799999999995,-0.024999999999999994,0.46000000000000024,0.065,0
5.489999999999996,-0.024999999999999994,0.47000000000000025,0.065,0.0001
5.501999999999995,0.035,0.47000000000000025,0.065,0
5.502199999999996,0.035,0.48000000000000026,0.065,0.0001
5.514199999999995,-0.024999999999999994,0.48000000000000026,0.065,0
5.514399999999996,-0.024999999999999994,0.49000000000000027,0.065,0.0001
5.526399999999995,0.035,0.49000000000000027,0.065,0
5.526599999999996,0.035,0.5000000000000002,0.065,0.0001
5.538599999999995,-0.024999999999999994,0.5000000000000002,0.065,0
5.538799999999996,-0.024999999999999994,0.5100000000000002,0.065,0.0001
5.550799999999995,0.035,0.5100000000000002,0.065,0
5.550999999999996,0.035,0.5200000000000002,0.065,0.0001
5.562999999999995,-0.024999999999999994,0.5200000000000002,0.065,0
5.563199999999996,-0.024999999999999994,0.5300000000000002,0.065,0.0001
5.575199999999995,0.035,0.5300000000000002,0.065,0
5.575399999999996,0.035,0.5400000000000003,0.065,0.0001
5.587399999999995,-0.024999999999999994,0.5400000000000003,0.065,0
5.587599999999996,-0.024999999999999994,0.5500000000000003,0.065,0.0001
5.599599999999995,0.035,0.5500000000000003,0.065,0
5.599799999999996,0.035,0.5600000000000003,0.065,0.0001
5.611799999999995,-0.024999999999999994,0.5600000000000003,0.065,0
5.611999999999996,-0.024999999999999994,0.5700000000000003,0.065,0.0001
5.623999999999995,0.035,0.5700000000000003,0.065,0
5.624199999999996,0.035,0.5800000000000003,0.065,0.0001
5.636199999999995,-0.024999999999999994,0.5800000000000003,0.065,0
5.636399999999996,-0.024999999999999994,0.5900000000000003,0.065,0.0001
5.648399999999995,0.035,0.5900000000000003,0.065,0
5.648599999999996,0.035,0.6000000000000003,0.065,0.0001
5.660599999999995,-0.024999999999999994,0.6000000000000003,0.065,0
5.660799999999996,-0.024999999999999994,0.6100000000000003,0.065,0.0001
5.672799999999995,0.035,0.6100000000000003,0.065,0
5.672999999999996,0.035,0.6200000000000003,0.065,0.0001
5.684999999999995,-0.024999999999999994,0.6200000000000003,0.065,0
5.685199999999996,-0.024999999999999994,0.6300000000000003,0.065,0.0001
5.697199999999995,0.035,0.6300000000000003,0.065,0
5.697399999999996,0.035,0.6400000000000003,0.065,0.0001
5.709399999999995,-0.024999999999999994,0.6400000000000003,0.065,0
5.709599999999996,-0.024999999999999994,0.6500000000000004,0.065,0.0001
5.721599999999995,0.035,0.6500000000000004,0.065,0
5.721799999999996,0.035,0.6600000000000004,0.065,0.0001
5.733799999999995,-0.024999999999999994,0.6600000000000004,0.065,0
5.7339999999999955,-0.024999999999999994,0.6700000000000004,0.065,0.0001
5.745999999999995,0.035,0.6700000000000004,0.065,0
5.7461999999999955,0.035,0.6800000000000004,0.065,0.0001
5.758199999999995,-0.024999999999999994,0.6800000000000004,0.065,0
5.7583999999999955,-0.024999999999999994,0.6900000000000004,0.065,0.0001
5.770399999999995,0.035,0.6900000000000004,0.065,0
5.7705999999999955,0.035,0.7000000000000004,0.065,0.0001
5.782599999999995,-0.024999999999999994,0.7000000000000004,0.065,0
5.7827999999999955,-0.024999999999999994,0.7100000000000004,0.065,0.0001
5.794799999999995,0.035,0.7100000000000004,0.065,0
5.7949999999999955,0.035,0.7200000000000004,0.065,0.0001
5.806999999999995,-0.024999999999999994,0.7200000000000004,0.065,0
5.8071999999999955,-0.024999999999999994,0.7300000000000004,0.065,0.0001
5.819199999999995,0.035,0.7300000000000004,0.065,0
5.8193999999999955,0.035,0.7400000000000004,0.065,0.0001
5.831399999999995,-0.024999999999999994,0.7400000000000004,0.065,0
5.8315999999999955,-0.024999999999999994,0.7500000000000004,0.065,0.0001
5.843599999999995,0.035,0.7500000000000004,0.065,0
5.843799999999995,0.035,0.7600000000000005,0.065,0.0001
5.855799999999995,-0.024999999999999994,0.7600000000000005,0.065,0
5.855999999999995,-0.024999999999999994,0.7700000000000005,0.065,0.0001
5.867999999999995,0.035,0.7700000000000005,0.065,0
5.868199999999995,0.035,0.7800000000000005,0.065,0.0001
5.880199999999995,-0.024999999999999994,0.7800000000000005,0.065,0
5.880399999999995,-0.024999999999999994,0.7900000000000005,0.065,0.0001
5.892399999999995,0.035,0.7900000000000005,0.065,0
5.892599999999995,0.035,0.8000000000000005,0.065,0.0001
5.904599999999995,-0.024999999999999994,0.8000000000000005,0.065,0
5.904799999999995,-0.024999999999999994,0.8100000000000005,0.065,0.0001
5.916799999999995,0.035,0.8100000000000005,0.065,0
5.916999999999995,0.035,0.8200000000000005,0.065,0.0001
5.928999999999995,-0.024999999999999994,0.8200000000000005,0.065,0
5.929199999999995,-0.024999999999999994,0.8300000000000005,0.065,0.0001
5.941199999999995,0.035,0.8300000000000005,0.065,0
5.941399999999995,0.035,0.8400000000000005,0.065,0.0001
5.953399999999995,-0.024999999999999994,0.8400000000000005,0.065,0
5.953599999999995,-0.024999999999999994,0.8500000000000005,0.065,0.0001
5.965599999999995,0.035,0.8500000000000005,0.065,0
5.965799999999995,0.035,0.8600000000000005,0.065,0.0001
5.977799999999995,-0.024999999999999994,0.8600000000000005,0.065,0
5.977999999999995,-0.024999999999999994,0.8700000000000006,0.065,0.0001
5.989999999999995,0.035,0.8700000000000006,0.065,0
5.990199999999995,0.035,0.8800000000000006,0.065,0.0001
6.002199999999995,-0.024999999999999994,0.8800000000000006,0.065,0
6.002399999999995,-0.024999999999999994,0.8900000000000006,0.065,0.0001
6.014399999999995,0.035,0.8900000000000006,0.065,0
6.014599999999995,0.035,0.9000000000000006,0.065,0.0001
6.026599999999995,-0.024999999999999994,0.9000000000000006,0.065,0
6.026799999999995,-0.024999999999999994,0.9100000000000006,0.065,0.0001
6.038799999999995,0.035,0.9100000000000006,0.065,0
6.038999999999995,0.035,0.9200000000000006,0.065,0.0001
6.050999999999995,-0.024999999999999994,0.9200000000000006,0.065,0
6.051199999999995,-0.024999999999999994,0.9300000000000006,0.065,0.0001
6.063199999999995,0.035,0.9300000000000006,0.065,0
6.063399999999995,0.035,0.9400000000000006,0.065,0.0001
6.075399999999995,-0.024999999999999994,0.9400000000000006,0.065,0
6.075599999999995,-0.024999999999999994,0.9500000000000006,0.065,0.0001
6.087599999999995,0.035,0.9500000000000006,0.065,0
6.087799999999995,0.035,0.9600000000000006,0.065,0.0001
6.099799999999995,-0.024999999999999994,0.9600000000000006,0.065,0
6.099999999999995,-0.024999999999999998,-0.03,0.075,0.0001
6.111999999999995,0.035,-0.03,0.075,0
6.112199999999995,0.035,-0.019999999999999997,0.075,0.0001
6.124199999999995,-0.024999999999999994,-0.019999999999999997,0.075,0
6.124399999999995,-0.024999999999999994,-0.009999999999999997,0.075,0.0001
6.136399999999995,0.035,-0.009999999999999997,0.075,0
6.136599999999995,0.035,3.469446951953614e-18,0.075,0.0001
6.148599999999995,-0.024999999999999994,3.469446951953614e-18,0.075,0
6.148799999999995,-0.024999999999999994,0.010000000000000004,0.075,0.0001
6.160799999999995,0.035,0.010000000000000004,0.075,0
6.160999999999995,0.035,0.020000000000000004,0.075,0.0001
6.172999999999995,-0.024999999999999994,0.020000000000000004,0.075,0
6.173199999999995,-0.024999999999999994,0.030000000000000006,0.075,0.0001
6.185199999999995,0.035,0.030000000000000006,0.075,0
6.185399999999995,0.035,0.04000000000000001,0.075,0.0001
6.197399999999995,-0.024999999999999994,0.04000000000000001,0.075,0
6.197599999999995,-0.024999999999999994,0.05000000000000001,0.075,0.0001
6.209599999999995,0.035,0.05000000000000001,0.075,0
6.209799999999995,0.035,0.06000000000000001,0.075,0.0001
6.221799999999995,-0.024999999999999994,0.06000000000000001,0.075,0
6.221999999999995,-0.024999999999999994,0.07,0.075,0.0001
6.233999999999995,0.035,0.07,0.075,0
6.234199999999995,0.035,0.08,0.075,0.0001
6.246199999999995,-0.024999999999999994,0.08,0.075,0
6.246399999999995,-0.024999999999999994,0.09,0.075,0.0001
6.258399999999995,0.035,0.09,0.075,0
6.258599999999995,0.035,0.09999999999999999,0.075,0.0001
6.270599999999995,-0.024999999999999994,0.09999999999999999,0.075,0
6.270799999999995,-0.024999999999999994,0.10999999999999999,0.075,0.0001
6.282799999999995,0.035,0.10999999999999999,0.075,0
6.282999999999995,0.035,0.11999999999999998,0.075,0.0001
6.294999999999995,-0.024999999999999994,0.11999999999999998,0.075,0
6.295199999999995,-0.024999999999999994,0.12999999999999998,0.075,0.0001
6.307199999999995,0.035,0.12999999999999998,0.075,0
6.307399999999995,0.035,0.13999999999999999,0.075,0.0001
6.319399999999995,-0.024999999999999994,0.13999999999999999,0.075,0
6.319599999999995,-0.024999999999999994,0.15,0.075,0.0001
6.331599999999995,0.035,0.15,0.075,0
6.331799999999995,0.035,0.16,0.075,0.0001
6.3437999999999946,-0.024999999999999994,0.16,0.075,0
6.343999999999995,-0.024999999999999994,0.17,0.075,0.0001
6.3559999999999945,0.035,0.17,0.075,0
6.356199999999995,0.035,0.18000000000000002,0.075,0.0001
6.3681999999999945,-0.024999999999999994,0.18000000000000002,0.075,0
6.368399999999995,-0.024999999999999994,0.19000000000000003,0.075,0.0001
6.3803999999999945,0.035,0.19000000000000003,0.075,0
6.380599999999995,0.035,0.20000000000000004,0.075,0.0001
6.3925999999999945,-0.024999999999999994,0.20000000000000004,0.075,0
6.392799999999995,-0.024999999999999994,0.21000000000000005,0.075,0.0001
6.4047999999999945,0.035,0.21000000000000005,0.075,0
6.404999999999995,0.035,0.22000000000000006,0.075,0.0001
6.4169999999999945,-0.024999999999999994,0.22000000000000006,0.075,0
6.417199999999995,-0.024999999999999994,0.23000000000000007,0.075,0.0001
6.4291999999999945,0.035,0.23000000000000007,0.075,0
6.429399999999995,0.035,0.24000000000000007,0.075,0.0001
6.4413999999999945,-0.024999999999999994,0.24000000000000007,0.075,0
6.441599999999995,-0.024999999999999994,0.25000000000000006,0.075,0.0001
6.4535999999999945,0.035,0.25000000000000006,0.075,0
6.453799999999995,0.035,0.26000000000000006,0.075,0.0001
6.465799999999994,-0.024999999999999994,0.26000000000000006,0.075,0
6.465999999999995,-0.024999999999999994,0.2700000000000001,0.075,0.0001
6.477999999999994,0.035,0.2700000000000001,0.075,0
6.478199999999995,0.035,0.2800000000000001,0.075,0.0001
6.490199999999994,-0.024999999999999994,0.2800000000000001,0.075,0
6.490399999999995,-0.024999999999999994,0.2900000000000001,0.075,0.0001
6.502399999999994,0.035,0.2900000000000001,0.075,0
6.502599999999995,0.035,0.3000000000000001,0.075,0.0001
6.514599999999994,-0.024999999999999994,0.3000000000000001,0.075,0
6.514799999999995,-0.024999999999999994,0.3100000000000001,0.075,0.0001
6.526799999999994,0.035,0.3100000000000001,0.075,0
6.526999999999995,0.035,0.3200000000000001,0.075,0.0001
6.538999999999994,-0.024999999999999994,0.3200000000000001,0.075,0
6.539199999999995,-0.024999999999999994,0.3300000000000001,0.075,0.0001
6.551199999999994,0.035,0.3300000000000001,0.075,0
6.551399999999995,0.035,0.34000000000000014,0.075,0.0001
6.563399999999994,-0.024999999999999994,0.34000000000000014,0.075,0
6.563599999999995,-0.024999999999999994,0.35000000000000014,0.075,0.0001
6.575599999999994,0.035,0.35000000000000014,0.075,0
6.575799999999995,0.035,0.36000000000000015,0.075,0.0001
6.587799999999994,-0.024999999999999994,0.36000000000000015,0.075,0
6.587999999999995,-0.024999999999999994,0.37000000000000016,0.075,0.0001
6.599999999999994,0.035,0.37000000000000016,0.075,0
6.600199999999995,0.035,0.38000000000000017,0.075,0.0001
6.612199999999994,-0.024999999999999994,0.38000000000000017,0.075,0
6.612399999999995,-0.024999999999999994,0.3900000000000002,0.075,0.0001
6.624399999999994,0.035,0.3900000000000002,0.075,0
6.624599999999995,0.035,0.4000000000000002,0.075,0.0001
6.636599999999994,-0.024999999999999994,0.4000000000000002,0.075,0
6.636799999999995,-0.024999999999999994,0.4100000000000002,0.075,0.0001
6.648799999999994,0.035,0.4100000000000002,0.075,0
6.648999999999995,0.035,0.4200000000000002,0.075,0.0001
6.660999999999994,-0.024999999999999994,0.4200000000000002,0.075,0
6.661199999999995,-0.024999999999999994,0.4300000000000002,0.075,0.0001
6.673199999999994,0.035,0.4300000000000002,0.075,0
6.673399999999995,0.035,0.4400000000000002,0.075,0.0001
6.685399999999994,-0.024999999999999994,0.4400000000000002,0.075,0
6.685599999999995,-0.024999999999999994,0.45000000000000023,0.075,0.0001
6.697599999999994,0.035,0.45000000000000023,0.075,0
6.697799999999995,0.035,0.46000000000000024,0.075,0.0001
6.709799999999994,-0.024999999999999994,0.46000000000000024,0.075,0
6.709999999999995,-0.024999999999999994,0.47000000000000025,0.075,0.0001
6.721999999999994,0.035,0.47000000000000025,0.075,0
6.722199999999995,0.035,0.48000000000000026,0.075,0.0001
6.734199999999994,-0.024999999999999994,0.48000000000000026,0.075,0
6.734399999999995,-0.024999999999999994,0.49000000000000027,0.075,0.0001
6.746399999999994,0.035,0.49000000000000027,0.075,0
6.746599999999995,0.035,0.5000000000000002,0.075,0.0001
6.758599999999994,-0.024999999999999994,0.5000000000000002,0.075,0
6.758799999999995,-0.024999999999999994,0.5100000000000002,0.075,0.0001
6.770799999999994,0.035,0.5100000000000002,0.075,0
6.770999999999995,0.035,0.5200000000000002,0.075,0.0001
6.782999999999994,-0.024999999999999994,0.5200000000000002,0.075,0
6.783199999999995,-0.024999999999999994,0.5300000000000002,0.075,0.0001
6.795199999999994,0.035,0.5300000000000002,0.075,0
6.7953999999999946,0.035,0.5400000000000003,0.075,0.0001
6.807399999999994,-0.024999999999999994,0.5400000000000003,0.075,0
6.8075999999999945,-0.024999999999999994,0.5500000000000003,0.075,0.0001
6.819599999999994,0.035,0.5500000000000003,0.075,0
6.8197999999999945,0.035,0.5600000000000003,0.075,0.0001
6.831799999999994,-0.024999999999999994,0.5600000000000003,0.075,0
6.8319999999999945,-0.024999999999999994,0.5700000000000003,0.075,0.0001
6.843999999999994,0.035,0.5700000000000003,0.075,0
6.8441999999999945,0.035,0.5800000000000003,0.075,0.0001
6.856199999999994,-0.024999999999999994,0.5800000000000003,0.075,0
6.8563999999999945,-0.024999999999999994,0.5900000000000003,0.075,0.0001
6.868399999999994,0.035,0.5900000000000003,0.075,0
6.8685999999999945,0.035,0.6000000000000003,0.075,0.0001
6.880599999999994,-0.024999999999999994,0.6000000000000003,0.075,0
6.8807999999999945,-0.024999999999999994,0.6100000000000003,0.075,0.0001
6.892799999999994,0.035,0.6100000000000003,0.075,0
6.8929999999999945,0.035,0.6200000000000003,0.075,0.0001
6.904999999999994,-0.024999999999999994,0.6200000000000003,0.075,0
6.9051999999999945,-0.024999999999999994,0.6300000000000003,0.075,0.0001
6.917199999999994,0.035,0.6300000000000003,0.075,0
6.917399999999994,0.035,0.6400000000000003,0.075,0.0001
6.929399999999994,-0.024999999999999994,0.6400000000000003,0.075,0
6.929599999999994,-0.024999999999999994,0.6500000000000004,0.075,0.0001
6.941599999999994,0.035,0.6500000000000004,0.075,0
6.941799999999994,0.035,0.6600000000000004,0.075,0.0001
6.953799999999994,-0.024999999999999994,0.6600000000000004,0.075,0
6.953999999999994,-0.024999999999999994,0.6700000000000004,0.075,0.0001
6.965999999999994,0.035,0.6700000000000004,0.075,0
6.966199999999994,0.035,0.6800000000000004,0.075,0.0001
6.978199999999994,-0.024999999999999994,0.6800000000000004,0.075,0
6.978399999999994,-0.024999999999999994,0.6900000000000004,0.075,0.0001
6.990399999999994,0.035,0.6900000000000004,0.075,0
6.990599999999994,0.035,0.7000000000000004,0.075,0.0001
7.002599999999994,-0.024999999999999994,0.7000000000000004,0.075,0
7.002799999999994,-0.024999999999999994,0.7100000000000004,0.075,0.0001
7.014799999999994,0.035,0.7100000000000004,0.075,0
7.014999999999994,0.035,0.7200000000000004,0.075,0.0001
7.026999999999994,-0.024999999999999994,0.7200000000000004,0.075,0
7.027199999999994,-0.024999999999999994,0.7300000000000004,0.075,0.0001
7.039199999999994,0.035,0.7300000000000004,0.075,0
7.039399999999994,0.035,0.7400000000000004,0.075,0.0001
7.051399999999994,-0.024999999999999994,0.7400000000000004,0.075,0
7.051599999999994,-0.024999999999999994,0.7500000000000004,0.075,0.0001
7.063599999999994,0.035,0.7500000000000004,0.075,0
7.063799999999994,0.035,0.7600000000000005,0.075,0.0001
7.075799999999994,-0.024999999999999994,0.7600000000000005,0.075,0
7.075999999999994,-0.024999999999999994,0.7700000000000005,0.075,0.0001
7.087999999999994,0.035,0.7700000000000005,0.075,0
7.088199999999994,0.035,0.7800000000000005,0.075,0.0001
7.100199999999994,-0.024999999999999994,0.7800000000000005,0.075,0
7.100399999999994,-0.024999999999999994,0.7900000000000005,0.075,0.0001
7.112399999999994,0.035,0.7900000000000005,0.075,0
7.112599999999994,0.035,0.8000000000000005,0.075,0.0001
7.124599999999994,-0.024999999999999994,0.8000000000000005,0.075,0
7.124799999999994,-0.024999999999999994,0.8100000000000005,0.075,0.0001
7.136799999999994,0.035,0.8100000000000005,0.075,0
7.136999999999994,0.035,0.8200000000000005,0.075,0.0001
7.148999999999994,-0.024999999999999994,0.8200000000000005,0.075,0
7.149199999999994,-0.024999999999999994,0.8300000000000005,0.075,0.0001
7.161199999999994,0.035,0.8300000000000005,0.075,0
7.161399999999994,0.035,0.8400000000000005,0.075,0.0001
7.173399999999994,-0.024999999999999994,0.8400000000000005,0.075,0
7.173599999999994,-0.024999999999999994,0.8500000000000005,0.075,0.0001
7.185599999999994,0.035,0.8500000000000005,0.075,0
7.185799999999994,0.035,0.8600000000000005,0.075,0.0001
7.197799999999994,-0.024999999999999994,0.8600000000000005,0.075,0
7.197999999999994,-0.024999999999999994,0.8700000000000006,0.075,0.0001
7.209999999999994,0.035,0.8700000000000006,0.075,0
7.210199999999994,0.035,0.8800000000000006,0.075,0.0001
7.222199999999994,-0.024999999999999994,0.8800000000000006,0.075,0
7.222399999999994,-0.024999999999999994,0.8900000000000006,0.075,0.0001
7.234399999999994,0.035,0.8900000000000006,0.075,0
7.234599999999994,0.035,0.9000000000000006,0.075,0.0001
7.246599999999994,-0.024999999999999994,0.9000000000000006,0.075,0
7.246799999999994,-0.024999999999999994,0.9100000000000006,0.075,0.0001
7.258799999999994,0.035,0.9100000000000006,0.075,0
7.258999999999994,0.035,0.9200000000000006,0.075,0.0001
7.270999999999994,-0.024999999999999994,0.9200000000000006,0.075,0
7.271199999999994,-0.024999999999999994,0.9300000000000006,0.075,0.0001
7.283199999999994,0.035,0.9300000000000006,0.075,0
7.283399999999994,0.035,0.9400000000000006,0.075,0.0001
7.295399999999994,-0.024999999999999994,0.9400000000000006,0.075,0
7.295599999999994,-0.024999999999999994,0.9500000000000006,0.075,0.0001
7.307599999999994,0.035,0.9500000000000006,0.075,0
7.307799999999994,0.035,0.9600000000000006,0.075,0.0001
7.319799999999994,-0.024999999999999994,0.9600000000000006,0.075,0
