0,-0.03,-0.024999999999999998,0.0223,2.3e-05
4.0,0.03,-0.024999999999999998,0.0223,0
4.066666666666666,0.03,-0.014999999999999998,0.0223,2.3e-05
8.066666666666666,-0.03,-0.014999999999999998,0.0223,0
8.133333333333333,-0.03,-0.0049999999999999975,0.0223,2.3e-05
12.133333333333333,0.03,-0.0049999999999999975,0.0223,0
12.2,0.03,0.005000000000000003,0.0223,2.3e-05
16.2,-0.03,0.005000000000000003,0.0223,0
16.266666666666666,-0.03,0.015000000000000003,0.0223,2.3e-05
20.266666666666666,0.03,0.015000000000000003,0.0223,0
20.333333333333332,0.03,0.025,0.0223,2.3e-05
24.333333333333332,-0.03,0.025,0.0223,0
34.4,-0.03,-0.024999999999999998,0.0246,2.3e-05
38.4,0.03,-0.024999999999999998,0.0246,0
38.46666666666667,0.03,-0.014999999999999998,0.0246,2.3e-05
42.46666666666667,-0.03,-0.014999999999999998,0.0246,0
42.53333333333334,-0.03,-0.0049999999999999975,0.0246,2.3e-05
46.53333333333334,0.03,-0.0049999999999999975,0.0246,0
46.60000000000001,0.03,0.005000000000000003,0.0246,2.3e-05
50.60000000000001,-0.03,0.005000000000000003,0.0246,0
50.66666666666668,-0.03,0.015000000000000003,0.0246,2.3e-05
54.66666666666668,0.03,0.015000000000000003,0.0246,0
54.73333333333335,0.03,0.025,0.0246,2.3e-05
58.73333333333335,-0.03,0.025,0.0246,0
68.80000000000001,-0.03,-0.024999999999999998,0.0269,2.3e-05
72.80000000000001,0.03,-0.024999999999999998,0.0269,0
72.86666666666667,0.03,-0.014999999999999998,0.0269,2.3e-05
76.86666666666667,-0.03,-0.014999999999999998,0.0269,0
76.93333333333334,-0.03,-0.0049999999999999975,0.0269,2.3e-05
80.93333333333334,0.03,-0.0049999999999999975,0.0269,0
81.0,0.03,0.005000000000000003,0.0269,2.3e-05
85.0,-0.03,0.005000000000000003,0.0269,0
85.06666666666666,-0.03,0.015000000000000003,0.0269,2.3e-05
89.06666666666666,0.03,0.015000000000000003,0.0269,0
89.13333333333333,0.03,0.025,0.0269,2.3e-05
93.13333333333333,-0.03,0.025,0.0269,0
103.19999999999999,-0.03,-0.024999999999999998,0.0292,2.3e-05
107.19999999999999,0.03,-0.024999999999999998,0.0292,0
107.26666666666665,0.03,-0.014999999999999998,0.0292,2.3e-05
111.26666666666665,-0.03,-0.014999999999999998,0.0292,0
111.33333333333331,-0.03,-0.0049999999999999975,0.0292,2.3e-05
115.33333333333331,0.03,-0.0049999999999999975,0.0292,0
115.39999999999998,0.03,0.005000000000000003,0.0292,2.3e-05
119.39999999999998,-0.03,0.005000000000000003,0.0292,0
119.46666666666664,-0.03,0.015000000000000003,0.0292,2.3e-05
123.46666666666664,0.03,0.015000000000000003,0.0292,0
123.5333333333333,0.03,0.025,0.0292,2.3e-05
127.5333333333333,-0.03,0.025,0.0292,0
137.59999999999997,-0.03,-0.024999999999999998,0.0315,2.3e-05
141.59999999999997,0.03,-0.024999999999999998,0.0315,0
141.66666666666663,0.03,-0.014999999999999998,0.0315,2.3e-05
145.66666666666663,-0.03,-0.014999999999999998,0.0315,0
145.7333333333333,-0.03,-0.0049999999999999975,0.0315,2.3e-05
149.7333333333333,0.03,-0.0049999999999999975,0.0315,0
149.79999999999995,0.03,0.005000000000000003,0.0315,2.3e-05
153.79999999999995,-0.03,0.005000000000000003,0.0315,0
153.86666666666662,-0.03,0.015000000000000003,0.0315,2.3e-05
157.86666666666662,0.03,0.015000000000000003,0.0315,0
157.93333333333328,0.03,0.025,0.0315,2.3e-05
161.93333333333328,-0.03,0.025,0.0315,0
171.99999999999994,-0.03,-0.024999999999999998,0.0338,2.3e-05
175.99999999999994,0.03,-0.024999999999999998,0.0338,0
176.0666666666666,0.03,-0.014999999999999998,0.0338,2.3e-05
180.0666666666666,-0.03,-0.014999999999999998,0.0338,0
180.13333333333327,-0.03,-0.0049999999999999975,0.0338,2.3e-05
184.13333333333327,0.03,-0.0049999999999999975,0.0338,0
184.19999999999993,0.03,0.005000000000000003,0.0338,2.3e-05
188.19999999999993,-0.03,0.005000000000000003,0.0338,0
188.2666666666666,-0.03,0.015000000000000003,0.0338,2.3e-05
192.2666666666666,0.03,0.015000000000000003,0.0338,0
192.33333333333326,0.03,0.025,0.0338,2.3e-05
196.33333333333326,-0.03,0.025,0.0338,0
206.39999999999992,-0.03,-0.024999999999999998,0.03609999999999999,2.3e-05
210.39999999999992,0.03,-0.024999999999999998,0.03609999999999999,0
210.46666666666658,0.03,-0.014999999999999998,0.03609999999999999,2.3e-05
214.46666666666658,-0.03,-0.014999999999999998,0.03609999999999999,0
214.53333333333325,-0.03,-0.0049999999999999975,0.03609999999999999,2.3e-05
218.53333333333325,0.03,-0.0049999999999999975,0.03609999999999999,0
218.5999999999999,0.03,0.005000000000000003,0.03609999999999999,2.3e-05
222.5999999999999,-0.03,0.005000000000000003,0.03609999999999999,0
222.66666666666657,-0.03,0.015000000000000003,0.03609999999999999,2.3e-05
226.66666666666657,0.03,0.015000000000000003,0.03609999999999999,0
226.73333333333323,0.03,0.025,0.03609999999999999,2.3e-05
230.73333333333323,-0.03,0.025,0.03609999999999999,0
240.7999999999999,-0.03,-0.024999999999999998,0.03839999999999999,2.3e-05
244.7999999999999,0.03,-0.024999999999999998,0.03839999999999999,0
244.86666666666656,0.03,-0.014999999999999998,0.03839999999999999,2.3e-05
248.86666666666656,-0.03,-0.014999999999999998,0.03839999999999999,0
248.93333333333322,-0.03,-0.0049999999999999975,0.03839999999999999,2.3e-05
252.93333333333322,0.03,-0.0049999999999999975,0.03839999999999999,0
252.9999999999999,0.03,0.005000000000000003,0.03839999999999999,2.3e-05
256.9999999999999,-0.03,0.005000000000000003,0.03839999999999999,0
257.06666666666655,-0.03,0.015000000000000003,0.03839999999999999,2.3e-05
261.06666666666655,0.03,0.015000000000000003,0.03839999999999999,0
261.1333333333332,0.03,0.025,0.03839999999999999,2.3e-05
265.1333333333332,-0.03,0.025,0.03839999999999999,0
275.1999999999999,-0.03,-0.024999999999999998,0.040699999999999986,2.3e-05
279.1999999999999,0.03,-0.024999999999999998,0.040699999999999986,0
279.26666666666654,0.03,-0.014999999999999998,0.040699999999999986,2.3e-05
283.26666666666654,-0.03,-0.014999999999999998,0.040699999999999986,0
283.3333333333332,-0.03,-0.0049999999999999975,0.040699999999999986,2.3e-05
287.3333333333332,0.03,-0.0049999999999999975,0.040699999999999986,0
287.39999999999986,0.03,0.005000000000000003,0.040699999999999986,2.3e-05
291.39999999999986,-0.03,0.005000000000000003,0.040699999999999986,0
291.4666666666665,-0.03,0.015000000000000003,0.040699999999999986,2.3e-05
295.4666666666665,0.03,0.015000000000000003,0.040699999999999986,0
295.5333333333332,0.03,0.025,0.040699999999999986,2.3e-05
299.5333333333332,-0.03,0.025,0.040699999999999986,0
309.59999999999985,-0.03,-0.024999999999999998,0.04299999999999998,2.3e-05
313.59999999999985,0.03,-0.024999999999999998,0.04299999999999998,0
313.6666666666665,0.03,-0.014999999999999998,0.04299999999999998,2.3e-05
317.6666666666665,-0.03,-0.014999999999999998,0.04299999999999998,0
317.7333333333332,-0.03,-0.0049999999999999975,0.04299999999999998,2.3e-05
321.7333333333332,0.03,-0.0049999999999999975,0.04299999999999998,0
321.79999999999984,0.03,0.005000000000000003,0.04299999999999998,2.3e-05
325.79999999999984,-0.03,0.005000000000000003,0.04299999999999998,0
325.8666666666665,-0.03,0.015000000000000003,0.04299999999999998,2.3e-05
329.8666666666665,0.03,0.015000000000000003,0.04299999999999998,0
329.93333333333317,0.03,0.025,0.04299999999999998,2.3e-05
333.93333333333317,-0.03,0.025,0.04299999999999998,0
