52.5051,202.63
52.5403,353.168
52.5755,509.237
52.6106,577.347
52.6458,622.812
52.6809,707.867
52.7161,803.745
52.7512,832.973
52.7864,803.234
52.8215,597.026
52.8567,624.031
52.8918,641.506
52.927,671.24
52.9621,685.11
52.9973,683.804
53.0324,670.48
53.0676,652.062
53.1027,639.521
53.1379,632.443
53.173,625.083
53.2082,615.889
53.2433,606.53
53.2785,597.966
53.3136,590.288
53.3488,583.385
53.3839,576.773
53.4191,570.197
53.4542,563.4
53.4894,556.083
53.5245,548.428
53.5597,534.8
53.5948,509.027
53.63,488.291
53.6651,471.852
53.7003,457.04
53.7354,443.353
53.7706,430.811
53.8057,419.337
53.8409,408.871
53.876,399.416
53.9112,391.49
53.9463,384.562
53.9815,378.281
54.0166,372.087
54.0518,365.762
54.0869,359.518
54.1221,353.434
54.1572,347.555
54.1924,341.899
54.2275,336.439
54.2627,331.174
54.2978,326.105
54.333,321.238
54.3681,316.61
54.4033,312.186
54.4384,307.965
54.4736,303.929
54.5087,300.072
54.5439,296.388
54.579,292.86
54.6142,289.49
54.6493,286.267
54.6845,283.187
54.7196,280.247
54.7548,277.434
54.7899,274.742
54.8251,272.163
54.8602,269.694
54.8954,267.323
54.9305,265.041
54.9657,262.846
55.0008,260.732
55.036,258.695
55.0711,256.732
55.1063,254.84
55.1414,253.015
55.1766,251.253
55.2117,249.55
55.2469,247.903
55.282,246.309
55.3172,244.765
55.3523,243.27
55.3875,241.821
55.4226,240.416
55.4578,239.053
55.4929,237.73
55.5281,236.445
55.5632,235.197
55.5984,233.982
55.6335,232.8
55.6687,231.65
55.7038,230.53
55.739,229.439
55.7741,228.377
55.8093,227.341
55.8444,226.332
55.8796,225.347
55.9147,224.386
55.9499,223.449
55.985,222.534
56.0202,221.641
56.0553,220.767
56.0905,219.914
56.1256,219.079
56.1608,218.263
56.1959,217.465
56.2311,216.684
56.2662,215.918
56.3014,215.169
56.3365,214.434
56.3717,213.714
56.4068,213.008
56.442,212.316
56.4771,211.638
56.5123,210.973
56.5474,210.32
56.5826,209.68
56.6177,209.052
56.6529,208.435
56.688,207.83
56.7232,207.235
56.7583,206.651
56.7935,206.077
56.8286,205.513
56.8638,204.958
56.8989,204.413
56.9341,203.876
56.9692,203.348
57.0044,202.828
57.0395,202.316
57.0747,201.811
57.1098,201.314
57.145,200.824
57.1801,200.342
57.2153,199.866
57.2504,199.396
57.2856,198.933
57.3207,198.476
57.3559,198.026
57.391,197.581
57.4262,197.142
57.4613,196.709
57.4965,196.282
57.5316,195.86
57.5668,195.443
57.6019,195.031
57.6371,194.625
57.6722,194.224
57.7074,193.828
57.7425,193.437
57.7777,193.05
57.8128,192.668
57.848,192.291
57.8831,191.918
57.9183,191.55
57.9534,191.186
57.9886,190.826
58.0238,190.47
58.0589,190.119
58.0941,189.771
58.1292,189.427
58.1644,189.088
58.1995,188.752
58.2347,188.421
58.2698,188.093
58.305,187.77
58.3401,187.451
58.3753,187.136
58.4104,186.826
58.4456,186.52
58.4807,186.22
58.5159,185.925
58.551,185.637
58.5862,185.355
58.6213,185.081
58.6565,184.817
58.6916,184.563
58.7268,184.322
58.7619,184.094
58.7971,183.879
58.8322,183.68
58.8674,183.495
58.9025,183.325
58.9377,183.167
58.9728,183.019
59.008,182.883
59.0431,182.763
59.0783,182.667
59.1134,182.606
59.1486,182.59
59.1837,182.625
59.2189,182.705
59.254,182.953
59.2892,183.422
59.3243,184.146
59.3595,185.125
59.3946,186.321
59.4298,187.673
59.4649,189.08
59.5001,190.496
59.5352,191.91
59.5704,193.204
59.6055,193.605
59.6407,193.563
59.6758,193.452
59.711,193.691
59.7461,194.558
59.7813,196.566
59.8164,200.076
59.8516,204.246
59.8867,203.279
59.9219,256.495
59.957,313.022
59.9922,374.531
60.0273,436.195
60.0625,493.907
60.0976,537.716
60.1328,549.186
60.1679,553.006
60.2031,552.379
60.2382,527.385
60.2734,549.979
60.3085,556.823
60.3437,561.375
60.3788,564.201
60.414,564.958
60.4491,563.849
60.4843,561.284
60.5194,557.384
60.5546,551.592
60.5897,544.624
60.6249,523.821
60.66,504.234
60.6952,490.158
60.7303,479.878
60.7655,471.867
60.8006,464.634
60.8358,457.427
60.8709,449.849
60.9061,441.346
60.9412,433.109
60.9764,426.116
61.0115,419.878
61.0467,414.094
61.0818,408.672
61.117,403.534
61.1521,398.104
61.1873,392.645
61.2224,387.31
61.2576,382.138
61.2927,377.122
61.3279,372.27
61.363,367.567
61.3982,363.078
61.4333,358.694
61.4685,354.203
61.5036,349.728
61.5388,345.343
61.5739,341.079
61.6091,336.931
61.6442,332.934
61.6794,329.075
61.7145,325.358
61.7497,321.781
61.7848,318.35
61.82,315.04
61.8551,311.846
61.8903,308.76
61.9254,305.776
61.9606,302.889
61.9957,300.097
62.0309,297.394
62.066,294.777
62.1012,292.244
62.1363,289.794
62.1715,287.428
62.2066,285.142
62.2418,282.934
62.2769,280.798
62.3121,278.734
62.3472,276.738
62.3824,274.807
62.4175,272.938
62.4527,271.13
62.4878,269.379
62.523,267.682
62.5581,266.035
62.5933,264.437
62.6284,262.886
62.6636,261.381
62.6987,259.918
62.7339,258.495
62.769,257.111
62.8042,255.765
62.8393,254.456
62.8745,253.18
62.9096,251.938
62.9448,250.728
62.9799,249.548
63.0151,248.398
63.0502,247.277
63.0854,246.184
63.1205,245.117
63.1557,244.075
63.1908,243.058
63.226,242.064
63.2611,241.092
63.2963,240.143
63.3314,239.213
63.3666,238.305
63.4017,237.415
63.4369,236.545
63.472,235.692
63.5072,234.857
63.5424,234.039
63.5775,233.237
63.6127,232.451
63.6478,231.68
63.683,230.923
63.7181,230.18
63.7533,229.45
63.7884,228.734
63.8236,228.031
63.8587,227.34
63.8939,226.662
63.929,225.995
63.9642,225.34
63.9993,224.695
64.0345,224.062
64.0696,223.44
64.1048,222.827
64.1399,222.224
64.1751,221.63
64.2102,221.046
64.2454,220.47
64.2805,219.903
64.3157,219.345
64.3508,218.795
64.386,218.252
64.4211,217.718
64.4563,217.191
64.4914,216.671
64.5266,216.159
64.5617,215.653
64.5969,215.153
64.632,214.66
64.6584,214.294
64.6847,213.932
64.7111,213.573
64.7375,213.217
64.7638,212.865
64.7902,212.516
64.8166,212.171
64.8429,211.828
64.8693,211.489
64.8956,211.152
64.922,210.819
64.9484,210.489
64.955,210.406
64.9615,210.324
64.9681,210.242
64.9747,210.16
64.9846,210.038
64.9945,209.916
65.0044,209.794
65.0143,209.673
65.0242,209.553
65.034,209.432
65.0439,209.312
65.0538,209.193
65.0637,209.073
65.0736,208.955
65.0835,208.836
65.0934,208.718
65.1032,208.601
65.1131,208.483
65.123,208.366
65.1329,208.25
65.1428,208.134
65.1527,208.018
65.1626,207.902
65.1724,207.787
65.1873,207.616
65.2021,207.445
65.2169,207.274
65.2392,207.021
65.2614,206.769
65.2837,206.519
65.3059,206.27
65.3281,206.024
65.3504,205.779
65.3726,205.535
65.3949,205.293
65.4171,205.053
65.4394,204.814
65.4616,204.576
65.4839,204.34
65.5061,204.106
65.5283,203.873
65.5506,203.642
65.5728,203.411
65.5951,203.183
65.6173,202.955
65.6396,202.729
65.6618,202.505
65.684,202.281
65.7063,202.059
65.7285,201.839
65.7508,201.619
65.773,201.401
65.7953,201.183
65.8175,200.967
65.8398,200.753
65.8731,200.433
65.9065,200.116
65.9398,199.801
65.9732,199.489
66.0066,199.179
66.0399,198.872
66.0733,198.567
66.1067,198.264
66.14,197.963
66.1734,197.665
66.2068,197.369
66.2401,197.075
66.2735,196.783
66.3069,196.493
66.3402,196.206
66.3736,195.92
66.407,195.637
66.4403,195.355
66.4737,195.076
66.5071,194.799
66.5404,194.523
66.5738,194.25
66.6072,193.979
66.6405,193.71
66.6739,193.442
66.7073,193.177
66.7406,192.913
66.774,192.652
66.8074,192.393
66.8407,192.135
66.8741,191.88
66.9074,191.627
66.9408,191.376
66.9742,191.127
67.0075,190.88
67.0409,190.636
67.0743,190.394
67.1076,190.154
67.141,189.917
67.1744,189.683
67.2077,189.451
67.2411,189.223
67.2745,188.998
67.3078,188.777
67.3412,188.559
67.3746,188.345
67.4079,188.135
67.4413,187.931
67.4747,187.731
67.508,187.538
67.5414,187.351
67.5748,187.172
67.6081,187
67.6415,186.837
67.6748,186.683
67.7082,186.539
67.7416,186.408
67.7749,186.291
67.8083,186.19
67.8417,186.106
67.875,186.039
67.9084,185.992
67.9418,185.963
67.9751,185.952
68.0085,185.968
68.0419,186.019
68.0752,186.113
68.1086,186.257
68.142,186.457
68.1753,186.713
68.2087,187.023
68.2421,187.382
68.2754,187.782
68.3088,188.206
68.3422,188.677
68.3755,189.195
68.4089,189.761
68.4422,190.373
68.4756,191.032
68.509,191.736
68.5423,192.473
68.5757,193.247
68.6091,194.059
68.6424,194.902
68.6758,195.887
68.7092,197.042
68.7425,198.37
68.7759,199.856
68.8093,201.471
68.8426,203.167
68.876,204.839
68.9094,206.45
68.9427,207.992
68.9761,209.417
69.0095,210.832
69.0428,212.211
69.0762,213.55
69.1096,214.853
69.1429,216.139
69.1763,217.421
69.2096,218.695
69.243,219.96
69.2764,221.225
69.3097,222.472
69.3431,223.673
69.3765,224.811
69.4098,225.899
69.4432,226.959
69.4766,228.007
69.5099,229.054
69.5433,230.099
69.5767,231.132
69.61,232.137
69.6434,233.088
69.6768,233.98
69.7101,234.81
69.7435,235.584
69.7769,236.307
69.8102,236.983
69.8436,237.61
69.877,238.184
69.9103,238.701
69.9437,239.16
69.9771,239.556
70.0104,239.891
70.0438,240.167
70.0771,240.387
70.1105,240.557
70.1439,240.68
70.1772,240.76
70.2106,240.799
70.244,240.801
70.2773,240.769
70.3107,240.706
70.3441,240.614
70.3774,240.496
70.4108,240.352
70.4442,240.186
70.4775,240
70.5109,239.796
70.5443,239.573
70.5776,239.331
70.611,239.072
70.6444,238.797
70.6777,238.507
70.7111,238.203
70.7445,237.886
70.7778,237.558
70.8112,237.217
70.8446,236.867
70.8779,236.506
70.9113,236.137
70.9446,235.76
70.978,235.376
71.0114,234.987
71.0447,234.592
71.0781,234.192
71.1115,233.788
71.1448,233.38
71.1782,232.969
71.2116,232.555
71.2449,232.139
71.2783,231.721
71.3117,231.302
71.345,230.883
71.3784,230.463
71.4118,230.043
71.4451,229.623
71.4785,229.204
71.5119,228.786
71.5452,228.368
71.5786,227.952
71.612,227.538
71.6453,227.125
71.6787,226.715
71.7121,226.306
71.7454,225.899
71.7788,225.494
71.8121,225.092
71.8455,224.692
71.8789,224.294
71.9122,223.899
71.9456,223.506
71.979,223.116
72.0123,222.728
72.0457,222.344
72.0791,221.961
72.1124,221.582
72.1458,221.205
72.1792,220.831
72.2125,220.461
72.2459,220.093
72.2793,219.728
72.3126,219.366
72.346,219.007
72.3794,218.651
72.4127,218.298
72.4461,217.948
72.4795,217.6
72.5128,217.255
72.5462,216.913
72.5796,216.574
72.6129,216.237
72.6463,215.903
72.6796,215.571
72.713,215.242
72.7464,214.915
72.7797,214.591
72.8131,214.27
72.8465,213.951
72.8798,213.634
72.9132,213.319
72.9466,213.007
72.9799,212.697
73.0133,212.389
73.0467,212.084
73.08,211.781
73.1134,211.48
73.1468,211.181
73.1801,210.885
73.2135,210.59
73.2469,210.298
73.2802,210.008
73.3136,209.72
73.347,209.434
73.3803,209.151
73.4137,208.869
73.4471,208.589
73.4804,208.311
73.5138,208.035
73.5471,207.76
73.5805,207.488
73.6139,207.217
73.6472,206.948
73.6806,206.681
73.714,206.416
73.7473,206.152
73.7807,205.89
73.8141,205.629
73.8474,205.37
73.8808,205.113
73.9142,204.857
73.9475,204.603
73.9809,204.351
74.0143,204.1
74.0476,203.85
74.081,203.602
74.1144,203.356
74.1477,203.111
74.1811,202.868
74.2145,202.626
74.2478,202.385
74.2812,202.146
74.3145,201.908
74.3479,201.672
74.3813,201.437
74.4146,201.204
74.448,200.972
74.4814,200.742
74.5147,200.513
74.5481,200.286
74.5815,200.06
74.6148,199.836
74.6482,199.614
74.6816,199.393
74.7149,199.174
74.7483,198.957
74.7817,198.742
74.815,198.53
74.8484,198.319
74.8818,198.11
74.9151,197.904
74.9485,197.701
74.9819,197.5
75.0152,197.301
75.0486,197.106
75.0819,196.914
75.1153,196.725
75.1487,196.54
75.182,196.358
75.2154,196.18
75.2488,196.006
75.2821,195.837
75.3155,195.672
75.3489,195.512
75.3822,195.357
75.4156,195.207
75.449,195.063
75.4823,194.925
75.5157,194.792
75.5491,194.666
75.5824,194.546
75.6158,194.434
75.6492,194.329
75.6825,194.232
75.7159,194.143
75.7493,194.063
75.7826,193.991
75.816,193.928
75.8493,193.874
75.8827,193.828
75.9161,193.792
75.9494,193.765
75.9828,193.747
76.0162,193.739
76.0495,193.74
76.0829,193.751
76.1163,193.773
76.1496,193.807
76.183,193.853
76.2164,193.911
76.2497,193.981
76.2831,194.062
76.3165,194.155
76.3498,194.258
76.3832,194.37
76.4166,194.492
76.4499,194.623
76.4833,194.762
76.5167,194.909
76.55,195.064
76.5834,195.227
76.6168,195.396
76.6501,195.572
76.6835,195.756
76.7169,195.946
76.7502,196.143
76.7836,196.346
76.8169,196.554
76.8503,196.768
76.8837,196.987
76.917,197.211
76.9504,197.441
76.9838,197.675
77.0171,197.913
77.0505,198.156
77.0839,198.401
77.1172,198.65
77.1506,198.9
77.184,199.151
77.2173,199.404
77.2507,199.656
77.2841,199.908
77.3174,200.16
77.3508,200.41
77.3842,200.659
77.4175,200.906
77.4509,201.15
77.4843,201.391
77.5176,201.628
77.551,201.862
77.5844,202.091
77.6177,202.316
77.6511,202.536
77.6844,202.751
77.7178,202.961
77.7512,203.165
77.7845,203.364
77.8179,203.556
77.8513,203.742
77.8846,203.923
77.918,204.096
77.9514,204.264
77.9847,204.425
78.0181,204.58
78.0515,204.728
78.0848,204.87
78.1182,205.005
78.1516,205.133
78.1849,205.255
78.2183,205.37
78.2517,205.479
78.285,205.582
78.3184,205.678
78.3518,205.768
78.3851,205.852
78.4185,205.929
78.4519,206.001
78.4852,206.066
78.5186,206.125
78.5519,206.179
78.5853,206.227
78.6187,206.269
78.652,206.306
78.6854,206.337
78.7188,206.363
78.7521,206.384
78.7855,206.4
78.8189,206.411
78.8522,206.417
78.8856,206.418
78.919,206.415
78.9523,206.407
78.9857,206.395
79.0191,206.379
79.0524,206.358
79.0858,206.334
79.1192,206.305
79.1525,206.273
79.1859,206.237
79.2193,206.197
79.2526,206.154
79.286,206.108
79.3194,206.058
79.3527,206.005
79.3861,205.949
79.4194,205.891
79.4528,205.829
79.4862,205.765
79.5195,205.698
79.5529,205.628
79.5863,205.556
79.6196,205.482
79.653,205.405
79.6864,205.326
79.7197,205.245
79.7531,205.162
79.7865,205.077
79.8198,204.99
79.8532,204.901
79.8866,204.81
79.9199,204.718
79.9533,204.624
79.9867,204.528
80.02,204.431
80.0534,204.333
80.0868,204.232
80.1201,204.131
80.1535,204.028
80.1868,203.924
80.2202,203.818
80.2536,203.711
80.2869,203.603
80.3203,203.494
80.3537,203.384
80.387,203.273
80.4204,203.161
80.4538,203.047
80.4871,202.933
80.5205,202.818
80.5539,202.701
80.5872,202.584
80.6206,202.467
80.654,202.348
80.6873,202.229
80.7207,202.108
80.7541,201.988
80.7874,201.866
80.8208,201.744
80.8542,201.621
80.8875,201.497
80.9209,201.373
80.9542,201.249
80.9876,201.124
81.021,200.998
81.0543,200.872
81.0877,200.745
81.1211,200.618
81.1544,200.491
81.1878,200.363
81.2212,200.235
81.2545,200.106
81.2879,199.977
81.3213,199.848
81.3546,199.718
81.388,199.588
81.4214,199.458
81.4547,199.327
81.4881,199.196
81.5215,199.065
81.5548,198.934
81.5882,198.802
81.6216,198.67
81.6549,198.538
81.6883,198.406
81.7216,198.273
81.755,198.141
81.7884,198.008
81.8217,197.875
81.8551,197.741
81.8885,197.608
81.9218,197.474
81.9552,197.341
81.9886,197.207
82.0219,197.073
82.0553,196.939
82.0887,196.804
82.122,196.67
82.1554,196.536
82.1888,196.401
82.2221,196.266
82.2555,196.132
82.2889,195.997
82.3222,195.862
82.3556,195.727
82.389,195.592
82.4223,195.457
82.4557,195.322
82.4891,195.188
82.5224,195.053
82.5558,194.918
82.5891,194.783
82.6225,194.648
82.6559,194.513
82.6892,194.378
82.7226,194.243
82.756,194.108
82.7893,193.973
82.8227,193.839
82.8561,193.704
82.8894,193.569
82.9228,193.435
82.9562,193.301
82.9895,193.166
83.0229,193.032
83.0563,192.898
83.0896,192.764
83.123,192.631
83.1564,192.497
83.1897,192.364
83.2231,192.231
83.2565,192.098
83.2898,191.965
83.3232,191.832
83.3566,191.7
83.3899,191.568
83.4233,191.436
83.4566,191.305
83.49,191.174
83.5234,191.043
83.5567,190.913
83.5901,190.783
83.6235,190.654
83.6568,190.525
83.6902,190.396
83.7236,190.268
83.7569,190.141
83.7903,190.014
83.8237,189.888
83.857,189.763
83.8904,189.638
83.9238,189.515
83.9571,189.392
83.9905,189.27
84.0239,189.148
84.0572,189.028
84.0906,188.909
84.124,188.791
84.1573,188.674
84.1907,188.558
84.2241,188.444
84.2574,188.331
84.2908,188.219
84.3242,188.108
84.3575,187.999
84.3909,187.892
84.4242,187.787
84.4576,187.683
84.491,187.581
84.5243,187.48
84.5577,187.382
84.5911,187.286
84.6244,187.192
84.6578,187.1
84.6912,187.01
84.7245,186.923
84.7579,186.837
84.7913,186.755
84.8246,186.674
84.858,186.597
84.8914,186.521
84.9247,186.449
84.9581,186.379
84.9915,186.313
85.0248,186.249
85.0582,186.188
85.0916,186.129
85.1249,186.074
85.1583,186.022
85.1917,185.973
85.225,185.927
85.2584,185.885
85.2917,185.845
85.3251,185.809
85.3585,185.775
85.3918,185.745
85.4252,185.718
85.4586,185.694
85.4919,185.674
85.5253,185.656
85.5587,185.642
85.592,185.631
85.6254,185.623
85.6588,185.618
85.6921,185.616
85.7255,185.617
85.7589,185.621
85.7922,185.628
85.8256,185.639
85.859,185.652
85.8923,185.667
85.9257,185.686
85.9591,185.707
85.9924,185.731
86.0258,185.758
86.0591,185.787
86.0925,185.818
86.1259,185.851
86.1592,185.887
86.1926,185.925
86.226,185.965
86.2593,186.007
86.2927,186.051
86.3261,186.097
86.3594,186.144
86.3928,186.193
86.4262,186.243
86.4595,186.295
86.4929,186.348
86.5263,186.402
86.5596,186.457
86.593,186.513
86.6264,186.57
86.6597,186.629
86.6931,186.687
86.7265,186.747
86.7598,186.807
86.7932,186.867
86.8265,186.928
86.8599,186.989
86.8933,187.051
86.9266,187.112
86.96,187.174
86.9934,187.235
87.0267,187.297
87.0601,187.358
87.0935,187.419
87.1268,187.48
87.1602,187.54
87.1936,187.6
87.2269,187.66
87.2603,187.719
87.2937,187.777
87.327,187.835
87.3604,187.892
87.3938,187.948
87.4271,188.003
87.4605,188.058
87.4939,188.111
87.5272,188.164
87.5606,188.216
87.5939,188.267
87.6273,188.316
87.6607,188.365
87.694,188.413
87.7274,188.459
87.7608,188.504
87.7941,188.549
87.8275,188.592
87.8609,188.633
87.8942,188.674
87.9276,188.713
87.961,188.751
87.9943,188.788
88.0277,188.823
88.0611,188.857
88.0944,188.89
88.1278,188.922
88.1612,188.952
88.1945,188.981
88.2279,189.009
88.2613,189.035
88.2946,189.06
88.328,189.083
88.3614,189.106
88.3947,189.127
88.4281,189.146
88.4614,189.165
88.4948,189.182
88.5282,189.197
88.5615,189.212
88.5949,189.225
88.6283,189.237
88.6616,189.247
88.695,189.256
88.7284,189.264
88.7617,189.271
88.7951,189.276
88.8285,189.28
88.8618,189.283
88.8952,189.285
88.9286,189.285
88.9619,189.285
88.9953,189.283
89.0287,189.28
89.062,189.275
89.0954,189.27
89.1288,189.263
89.1621,189.255
89.1955,189.246
89.2289,189.236
89.2622,189.225
89.2956,189.213
89.3289,189.2
89.3623,189.186
89.3957,189.17
89.429,189.154
89.4624,189.136
89.4958,189.118
89.5291,189.099
89.5625,189.078
89.5959,189.057
89.6292,189.034
89.6626,189.011
89.696,188.987
89.7293,188.962
89.7627,188.936
89.7961,188.909
89.8294,188.881
89.8628,188.852
89.8962,188.822
89.9295,188.792
89.9629,188.761
89.9963,188.728
90.0296,188.695
90.063,188.662
90.0964,188.627
90.1297,188.592
90.1631,188.555
90.1964,188.519
90.2298,188.481
90.2632,188.442
90.2965,188.403
90.3299,188.363
90.3633,188.323
90.3966,188.281
90.43,188.239
90.4634,188.196
90.4967,188.153
90.5301,188.109
90.5635,188.064
90.5968,188.019
90.6302,187.973
90.6636,187.926
90.6969,187.879
90.7303,187.831
90.7637,187.782
90.797,187.733
90.8304,187.684
90.8638,187.633
90.8971,187.583
90.9305,187.532
90.9639,187.48
90.9972,187.428
91.0306,187.375
91.0639,187.322
91.0973,187.268
91.1307,187.214
91.164,187.159
91.1974,187.104
91.2308,187.049
91.2641,186.993
91.2975,186.937
91.3309,186.88
91.3642,186.823
91.3976,186.766
91.431,186.709
91.4643,186.651
91.4977,186.593
91.5311,186.534
91.5644,186.476
91.5978,186.417
91.6312,186.358
91.6645,186.298
91.6979,186.239
91.7313,186.179
91.7646,186.12
91.798,186.06
91.8314,186
91.8647,185.94
91.8981,185.88
91.9314,185.819
91.9648,185.759
91.9982,185.699
92.0315,185.639
92.0649,185.579
92.0983,185.52
92.1316,185.46
92.165,185.4
92.1984,185.341
92.2317,185.282
92.2651,185.223
92.2985,185.165
92.3318,185.106
92.3652,185.048
92.3986,184.991
92.4319,184.933
92.4653,184.877
92.4987,184.82
92.532,184.764
92.5654,184.709
92.5988,184.653
92.6321,184.599
92.6655,184.545
92.6988,184.492
92.7322,184.439
92.7656,184.386
92.7989,184.335
92.8323,184.284
92.8657,184.234
92.899,184.184
92.9324,184.135
92.9658,184.087
92.9991,184.04
93.0325,183.993
93.0659,183.948
93.0992,183.903
93.1326,183.859
93.166,183.815
93.1993,183.773
93.2327,183.731
93.2661,183.691
93.2994,183.651
93.3328,183.612
93.3662,183.574
93.3995,183.537
93.4329,183.501
93.4662,183.466
93.4996,183.431
93.533,183.398
93.5663,183.366
93.5997,183.334
93.6331,183.304
93.6664,183.274
93.6998,183.246
93.7332,183.218
93.7665,183.191
93.7999,183.166
93.8333,183.141
93.8666,183.117
93.9,183.094
93.9334,183.072
93.9667,183.051
94.0001,183.03
94.0335,183.011
94.0668,182.993
94.1002,182.975
94.1336,182.958
94.1669,182.942
94.2003,182.927
94.2337,182.913
94.267,182.899
94.3004,182.886
94.3337,182.874
94.3671,182.863
94.4005,182.853
94.4338,182.843
94.4672,182.834
94.5006,182.825
94.5339,182.817
94.5673,182.81
94.6007,182.803
94.634,182.797
94.6674,182.792
94.7008,182.787
94.7341,182.783
94.7675,182.779
94.8009,182.776
94.8342,182.773
94.8676,182.77
94.901,182.768
94.9343,182.767
94.9677,182.766
95.0011,182.765
95.0344,182.764
95.0678,182.764
95.1012,182.764
95.1345,182.765
95.1679,182.766
95.2012,182.766
95.2346,182.768
95.268,182.769
95.3013,182.771
95.3347,182.772
95.3681,182.774
95.4014,182.776
95.4348,182.778
95.4682,182.78
95.5015,182.783
95.5349,182.785
95.5683,182.787
95.6016,182.79
95.635,182.792
95.6684,182.794
95.7017,182.797
95.7351,182.799
95.7685,182.801
95.8018,182.803
95.8352,182.806
95.8686,182.808
95.9019,182.809
95.9353,182.811
95.9687,182.813
96.002,182.814
96.0354,182.816
96.0687,182.817
96.1021,182.818
96.1355,182.818
96.1688,182.819
96.2022,182.819
96.2356,182.819
96.2689,182.819
96.3023,182.819
96.3357,182.818
96.369,182.817
96.4024,182.816
96.4358,182.815
96.4691,182.813
96.5025,182.811
96.5359,182.809
96.5692,182.806
96.6026,182.803
96.636,182.8
96.6693,182.796
96.7027,182.792
96.7361,182.788
96.7694,182.783
96.8028,182.778
96.8362,182.773
96.8695,182.767
96.9029,182.761
96.9362,182.755
96.9696,182.748
97.003,182.741
97.0363,182.734
97.0697,182.726
97.1031,182.717
97.1364,182.709
97.1698,182.7
97.2032,182.69
97.2365,182.681
97.2866,182.665
97.3617,182.64
97.4743,182.597
97.6432,182.523
97.8965,182.388
98.2766,182.138
98.8467,181.661
99.7018,180.754
100.702,179.493
101.702,178.082
102.702,176.564
103.702,174.976
104.702,173.346
105.702,171.698
106.702,170.05
107.702,168.417
108.452,167.207
109.202,166.018
109.764,165.142
110.327,164.285
110.889,163.456
111.452,162.662
112.014,161.914
112.577,161.222
113.139,160.595
113.702,160.04
114.264,159.559
114.827,159.148
115.389,158.805
115.952,158.52
116.514,158.287
117.077,158.101
117.639,157.963
118.202,157.878
118.764,157.858
119.327,157.917
119.889,158.065
120.452,158.305
121.014,158.633
121.577,159.035
122.139,159.491
122.702,159.981
123.264,160.483
123.827,160.978
124.389,161.453
124.952,161.899
125.514,162.322
126.077,162.74
126.639,163.191
127.202,163.726
127.764,164.393
128.327,165.219
128.889,166.202
129.452,167.306
130.014,168.476
130.577,169.654
131.139,170.792
131.702,171.854
132.264,172.825
132.827,173.722
133.389,174.61
133.952,175.62
134.514,176.914
135.077,178.598
135.639,180.661
136.202,182.959
136.764,185.282
137.327,187.466
137.889,189.395
138.452,191.016
139.014,192.319
139.577,193.321
140.139,194.056
140.702,194.57
141.264,194.947
141.827,195.371
142.389,196.253
142.952,198.241
143.514,201.806
144.077,206.576
144.639,211.54
145.202,215.821
145.764,218.995
146.327,221.058
146.889,222.205
147.452,222.667
148.014,222.649
148.577,222.373
149.139,222.237
149.702,223.505
150.264,229.737
150.827,245.613
151.389,262.552
151.952,273.104
152.514,276.809
153.077,275.951
153.639,272.807
154.202,268.792
154.764,264.648
155.327,260.712
155.889,257.082
156.452,253.756
157.014,250.759
157.577,248.257
158.139,247.266
158.702,253.814
159.264,284.051
159.827,578.098
160.389,543.289
160.952,453.855
161.514,398.155
162.077,359.099
162.639,333.223
163.202,315.487
163.764,302.738
164.327,293.155
164.889,285.813
165.452,280.879
166.014,280.879
166.577,310.876
167.139,531.197
167.702,528.707
168.264,462.637
168.827,415.653
169.389,379.692
169.952,353.816
170.514,335.059
171.077,321.128
171.639,310.407
172.202,301.875
172.764,294.871
173.327,289.023
173.889,284.298
174.452,281.485
175.014,283.806
175.577,295.8
176.139,313.405
176.702,325.838
177.264,329.684
177.827,327.644
178.389,322.679
178.952,316.652
179.514,310.535
180.077,304.762
180.639,299.508
181.202,294.839
181.764,290.966
182.327,288.424
182.889,287.85
183.452,289.271
184.014,291.782
184.577,294.17
185.139,295.7
185.702,296.152
186.264,295.634
186.827,294.379
187.389,292.609
187.952,290.514
188.514,288.238
189.077,285.87
189.639,283.486
190.202,281.176
190.764,279.076
191.327,277.363
191.889,276.201
192.452,275.657
193.014,275.632
193.577,275.918
194.139,276.287
194.702,276.568
195.264,276.656
195.827,276.509
196.389,276.125
196.952,275.527
197.514,274.755
198.077,273.87
198.639,272.944
199.202,272.059
199.764,271.29
200.327,270.683
200.889,270.244
201.452,269.948
202.014,269.749
202.577,269.595
203.139,269.436
203.702,269.236
204.264,268.969
204.827,268.618
205.389,268.178
206.233,267.32
207.233,266.057
208.233,264.595
209.233,262.979
210.233,261.247
211.233,259.438
212.233,257.583
213.233,255.706
214.233,253.829
215.233,251.968
216.233,250.142
217.233,248.383
218.233,246.732
219.233,245.234
220.233,243.923
221.233,242.808
222.233,241.874
223.233,241.098
224.233,240.473
225.233,240.024
226.233,239.792
227.233,239.79
228.233,239.985
229.233,240.306
230.233,240.671
231.233,241.019
232.233,241.345
233.233,241.742
234.233,242.385
235.233,243.38
236.233,244.666
237.233,246.059
238.233,247.377
239.233,248.547
240.233,249.75
241.233,251.491
242.233,254.094
243.233,257.187
244.233,260.115
245.233,262.438
246.233,264.024
247.233,264.951
248.233,265.537
249.233,266.903
250.233,271.178
251.233,277.677
252.233,283.24
253.233,286.488
254.233,287.663
255.233,287.615
256.233,288.247
257.233,298.392
258.233,320.717
259.233,332.815
260.233,333.46
261.233,328.684
262.233,322.655
263.233,316.906
264.233,312.184
265.233,312.745
266.233,395.281
267.233,506.361
268.233,456.396
269.233,406.076
270.233,374.684
271.233,355.359
272.233,344.077
273.233,359.874
274.233,504.162
275.233,482
276.233,438.18
277.233,401.996
278.233,378.194
279.233,361.921
280.233,350.256
281.233,343.378
282.233,351.083
283.233,372.401
284.233,379.813
285.233,375.965
286.233,367.804
287.233,359.121
288.233,351.469
289.233,346.679
290.233,346.576
291.233,348.723
292.233,349.839
293.233,348.97
294.233,346.539
295.233,343.194
296.233,339.467
297.233,335.841
298.233,333.001
299.233,331.471
300.233,330.984
301.233,330.836
302.233,330.48
303.233,329.692
304.233,328.485
305.233,327.046
306.233,325.667
307.233,324.573
308.233,323.796
309.233,323.219
310.233,322.679
311.233,322.043
312.233,321.236
313.233,320.225
314.233,319.008
315.233,317.605
316.233,316.049
317.233,314.366
318.233,312.584
319.233,310.733
320.233,308.841
321.233,306.924
322.233,305.001
323.233,303.099
324.233,301.248
325.233,299.49
326.233,297.871
327.233,296.423
328.233,295.154
329.233,294.052
330.233,293.098
331.233,292.289
332.233,291.647
333.233,291.205
334.233,290.966
335.233,290.898
336.233,290.939
337.233,291.023
338.233,291.1
339.233,291.173
340.233,291.329
341.233,291.708
342.233,292.382
343.233,293.281
344.233,294.255
345.233,295.163
346.233,295.969
347.233,296.873
348.233,298.331
349.233,300.515
350.233,303.058
351.233,305.41
352.233,307.233
353.233,308.435
354.233,309.097
355.233,309.561
356.233,311.046
357.233,315.298
358.233,321.071
359.233,325.82
360.233,328.556
361.233,329.501
362.233,329.429
363.233,330.537
364.233,341.91
365.233,361.454
366.233,370.656
367.233,370.917
368.233,366.706
369.233,361.26
370.233,355.983
371.233,351.743
372.233,354.594
373.233,427.614
374.233,475.342
375.233,458.541
376.233,429.207
377.233,405.685
378.233,389.659
379.233,380.457
380.233,404.175
381.233,485.862
382.233,479.583
383.233,453.232
384.233,427.036
385.233,407.96
386.233,394.202
387.233,384.141
388.233,378.854
389.233,388.413
390.233,404.927
391.233,410.189
392.233,406.593
393.233,399.376
394.233,391.629
395.233,384.906
396.233,381.063
397.233,381.298
398.233,383.109
399.233,383.936
400.233,383.024
401.233,380.713
402.233,377.583
403.233,374.116
404.233,370.789
405.233,368.216
406.233,366.781
407.233,366.206
408.233,365.905
409.233,365.423
410.233,364.567
411.233,363.355
412.233,361.964
413.233,360.644
414.233,359.574
415.233,358.779
416.233,358.166
417.233,357.599
418.233,356.96
419.233,356.174
420.233,355.207
421.233,354.056
422.233,352.736
423.233,351.27
424.233,349.683
425.233,347.999
426.233,346.242
427.233,344.433
428.233,342.587
429.233,340.719
430.233,338.843
431.233,336.969
432.233,335.106
433.233,333.261
434.233,331.436
435.233,329.634
436.233,327.862
437.233,326.121
438.233,324.415
439.233,322.74
440.233,321.097
441.233,319.486
442.233,317.905
443.233,316.353
444.233,314.831
445.233,313.344
446.233,311.885
447.233,310.454
448.233,309.049
449.233,307.669
450.233,306.312
451.233,304.98
452.233,303.671
453.233,302.383
454.233,301.116
455.233,299.867
456.233,298.636
457.233,297.422
458.233,296.225
459.233,295.046
460.233,293.882
461.233,292.735
462.233,291.601
463.233,290.48
464.233,289.372
465.233,288.277
466.233,287.194
467.233,286.122
468.233,285.063
469.233,284.014
470.233,282.975
471.233,281.946
472.233,280.928
473.233,279.919
474.233,278.919
475.233,277.927
476.233,276.944
477.233,275.97
478.233,275.005
479.233,274.049
480.233,273.102
481.233,272.162
482.233,271.231
483.233,270.306
484.233,269.389
485.233,268.479
486.233,267.575
487.233,266.677
488.233,265.785
489.233,264.899
490.233,264.018
491.233,263.143
492.233,262.273
493.233,261.408
494.233,260.548
495.233,259.692
496.233,258.841
497.233,257.996
498.233,257.154
499.233,256.318
500.233,255.487
501.233,254.661
502.233,253.839
503.233,253.022
504.233,252.21
505.233,251.401
506.233,250.597
507.233,249.796
508.233,249
509.233,248.208
510.233,247.419
511.233,246.634
512.233,245.853
513.233,245.076
514.233,244.302
515.233,243.531
516.233,242.764
517.233,242.001
518.233,241.241
519.233,240.484
520.233,239.73
521.233,238.98
522.233,238.234
523.233,237.49
524.233,236.751
525.233,236.014
526.233,235.281
527.233,234.551
528.233,233.824
529.233,233.1
530.233,232.378
531.233,231.659
532.233,230.943
533.233,230.229
534.233,229.518
535.233,228.809
536.233,228.103
537.233,227.4
538.233,226.7
539.233,226.002
540.233,225.306
541.233,224.613
542.233,223.923
543.233,223.235
544.233,222.55
545.233,221.867
546.233,221.186
547.233,220.507
548.233,219.831
549.233,219.158
550.233,218.488
551.233,217.82
552.233,217.154
553.233,216.49
554.233,215.829
555.233,215.169
556.233,214.512
557.233,213.856
558.233,213.203
559.233,212.552
560.233,211.903
561.233,211.256
562.233,210.611
563.233,209.969
564.233,209.328
565.233,208.69
566.233,208.053
567.233,207.42
568.233,206.788
569.233,206.159
570.233,205.532
571.233,204.907
572.233,204.285
573.233,203.665
574.233,203.048
575.233,202.433
576.233,201.82
577.233,201.209
578.233,200.6
579.233,199.993
580.233,199.388
581.233,198.785
582.233,198.184
583.233,197.585
584.233,196.988
585.233,196.393
586.233,195.799
587.233,195.208
588.233,194.618
589.233,194.031
590.233,193.445
591.233,192.862
592.233,192.281
593.233,191.703
594.233,191.127
595.233,190.554
596.233,189.983
597.233,189.414
598.233,188.847
599.233,188.282
600.233,187.72
601.233,187.158
602.233,186.599
603.233,186.041
604.233,185.485
605.233,184.93
606.233,184.377
607.233,183.826
608.233,183.277
609.233,182.73
610.233,182.184
611.233,181.64
612.233,181.098
613.233,180.557
614.233,180.018
615.233,179.481
616.233,178.945
617.233,178.411
618.233,177.878
619.233,177.348
620.233,176.819
621.233,176.292
622.233,175.766
623.233,175.243
624.233,174.721
625.233,174.2
626.233,173.682
627.233,173.165
628.233,172.651
629.233,172.138
630.233,171.628
631.233,171.119
632.233,170.613
633.233,170.108
634.233,169.604
635.233,169.103
636.233,168.602
637.233,168.104
638.233,167.607
639.233,167.112
640.233,166.618
641.233,166.127
642.233,165.637
643.233,165.15
644.233,164.664
645.233,164.181
646.233,163.699
647.233,163.218
648.233,162.738
649.233,162.26
650.233,161.783
651.233,161.308
652.233,160.833
653.233,160.361
654.233,159.89
655.233,159.421
656.233,158.954
657.233,158.489
658.233,158.025
659.233,157.564
660.233,157.103
661.233,156.644
662.233,156.187
663.233,155.731
664.233,155.276
665.233,154.823
666.233,154.371
667.233,153.921
668.233,153.472
669.233,153.024
670.233,152.578
671.233,152.134
672.233,151.692
673.233,151.25
674.233,150.811
675.233,150.372
676.233,149.936
677.233,149.5
678.233,149.066
679.233,148.634
680.233,148.203
681.233,147.773
682.233,147.344
683.233,146.917
684.233,146.491
685.233,146.067
686.233,145.645
687.233,145.224
688.233,144.805
689.233,144.387
690.233,143.971
691.233,143.557
692.233,143.143
693.233,142.731
694.233,142.321
695.233,141.911
696.233,141.502
697.233,141.095
698.233,140.689
699.233,140.284
700.233,139.881
701.233,139.478
702.233,139.077
703.233,138.677
704.233,138.278
705.233,137.881
706.233,137.485
707.233,137.09
708.233,136.696
709.233,136.303
710.233,135.912
711.233,135.522
712.233,135.132
713.233,134.744
714.233,134.357
715.233,133.971
716.233,133.587
717.233,133.203
718.233,132.821
719.233,132.44
720.233,132.06
721.233,131.682
722.233,131.305
723.233,130.929
724.233,130.555
725.233,130.182
726.233,129.811
727.233,129.44
728.233,129.071
729.233,128.704
730.233,128.337
731.233,127.972
732.233,127.609
733.233,127.246
734.233,126.885
735.233,126.524
736.233,126.165
737.233,125.807
738.233,125.449
739.233,125.093
740.233,124.737
741.233,124.383
742.233,124.029
743.233,123.676
744.233,123.325
745.233,122.974
746.233,122.625
747.233,122.277
748.233,121.93
749.233,121.584
750.233,121.24
751.233,120.897
752.233,120.556
753.233,120.215
754.233,119.876
755.233,119.537
756.233,119.2
757.233,118.864
758.233,118.53
759.233,118.196
760.233,117.863
761.233,117.532
762.233,117.201
763.233,116.872
764.233,116.544
765.233,116.217
766.233,115.891
767.233,115.566
768.233,115.242
769.233,114.92
770.233,114.598
771.233,114.278
772.233,113.958
773.233,113.64
774.233,113.323
775.233,113.007
776.233,112.692
777.233,112.378
778.233,112.065
779.233,111.753
780.233,111.442
781.233,111.132
782.233,110.824
783.233,110.516
784.233,110.21
785.233,109.904
786.233,109.6
787.233,109.296
788.233,108.994
789.233,108.692
790.233,108.391
791.233,108.091
792.233,107.792
793.233,107.494
794.233,107.197
795.233,106.901
796.233,106.606
797.233,106.311
798.233,106.018
799.233,105.726
800.233,105.434
801.233,105.144
802.233,104.854
803.233,104.565
804.233,104.277
805.233,103.99
806.233,103.703
807.233,103.418
808.233,103.133
809.233,102.849
810.233,102.566
811.233,102.284
812.233,102.002
813.233,101.722
814.233,101.443
815.233,101.164
816.233,100.887
817.233,100.61
818.233,100.335
819.233,100.06
820.233,99.786
821.233,99.513
822.233,99.2409
823.233,98.9697
824.233,98.6993
825.233,98.4299
826.233,98.1614
827.233,97.8938
828.233,97.6271
829.233,97.3614
830.233,97.0966
831.233,96.8326
832.233,96.5696
833.233,96.3074
834.233,96.0461
835.233,95.7857
836.233,95.526
837.233,95.2672
838.233,95.0092
839.233,94.7519
840.233,94.4953
841.233,94.2394
842.233,93.9842
843.233,93.7298
844.233,93.4761
845.233,93.2232
846.233,92.971
847.233,92.7196
848.233,92.469
849.233,92.2192
850.233,91.9702
851.233,91.722
852.233,91.4747
853.233,91.2282
854.233,90.9826
855.233,90.7378
856.233,90.4938
857.233,90.2507
858.233,90.0083
859.233,89.7667
860.233,89.5259
861.233,89.2859
862.233,89.0467
863.233,88.8082
864.233,88.5705
865.233,88.3336
866.233,88.0974
867.233,87.8619
868.233,87.6271
869.233,87.3931
870.233,87.1598
871.233,86.9271
872.233,86.6952
873.233,86.464
874.233,86.2335
875.233,86.0037
876.233,85.7746
877.233,85.5463
878.233,85.3186
879.233,85.0917
880.233,84.8655
881.233,84.64
882.233,84.4153
883.233,84.1914
884.233,83.9684
885.233,83.7461
886.233,83.5246
887.233,83.304
888.233,83.0841
889.233,82.8649
890.233,82.6466
891.233,82.429
892.233,82.2122
893.233,81.9961
894.233,81.7808
895.233,81.5663
896.233,81.3524
897.233,81.1394
898.233,80.927
899.233,80.7154
900.233,80.5045
901.233,80.2943
902.233,80.0848
903.233,79.876
904.233,79.668
905.233,79.4606
906.233,79.2539
907.233,79.048
908.233,78.8427
909.233,78.6381
910.233,78.4341
911.233,78.2308
912.233,78.0281
913.233,77.826
914.233,77.6245
915.233,77.4236
916.233,77.2232
917.233,77.0233
918.233,76.8241
919.233,76.6254
920.233,76.4273
921.233,76.2299
922.233,76.033
923.233,75.8367
924.233,75.641
925.233,75.4459
926.233,75.2514
927.233,75.0575
928.233,74.8643
929.233,74.6717
930.233,74.4798
931.233,74.2885
932.233,74.098
933.233,73.9081
934.233,73.7189
935.233,73.5304
936.233,73.3426
937.233,73.1555
938.233,72.969
939.233,72.7831
940.233,72.5979
941.233,72.4134
942.233,72.2295
943.233,72.0463
944.233,71.8636
945.233,71.6816
946.233,71.5002
947.233,71.3194
948.233,71.1392
949.233,70.9595
950.233,70.7804
951.233,70.6019
952.233,70.4239
953.233,70.2466
954.233,70.0698
955.233,69.8935
956.233,69.7179
957.233,69.5428
958.233,69.3684
959.233,69.1945
960.233,69.0211
961.233,68.8484
962.233,68.6762
963.233,68.5047
964.233,68.3337
965.233,68.1633
966.233,67.9934
967.233,67.8242
968.233,67.6556
969.233,67.4876
970.233,67.3202
971.233,67.1534
972.233,66.9871
973.233,66.8213
974.233,66.6561
975.233,66.4914
976.233,66.3272
977.233,66.1636
978.233,66.0005
979.233,65.838
980.233,65.6759
981.233,65.5145
982.233,65.3535
983.233,65.193
984.233,65.0331
985.233,64.8737
986.233,64.7149
987.233,64.5565
988.233,64.3987
989.233,64.2414
990.233,64.0846
991.233,63.9283
992.233,63.7726
993.233,63.6174
994.233,63.4627
995.233,63.3086
996.233,63.155
997.233,63.002
998.233,62.8494
999.233,62.6974
1000.23,62.546
1001.23,62.3951
1002.23,62.2446
1003.23,62.0947
1004.23,61.9454
1005.23,61.7965
1006.23,61.6481
1007.23,61.5003
1008.23,61.353
1009.23,61.2062
1010.23,61.0598
1011.23,60.914
1012.23,60.7687
1013.23,60.6239
1014.23,60.4796
1015.23,60.3357
1016.23,60.1924
1017.23,60.0495
1018.23,59.9071
1019.23,59.7651
1020.23,59.6237
1021.23,59.4827
1022.23,59.3421
1023.23,59.2021
1024.23,59.0625
1025.23,58.9234
1026.23,58.7847
1027.23,58.6465
1028.23,58.5088
1029.23,58.3715
1030.23,58.2347
1031.23,58.0984
1032.23,57.9625
1033.23,57.8271
1034.23,57.6921
1035.23,57.5576
1036.23,57.4235
1037.23,57.2899
1038.23,57.1568
1039.23,57.0241
1040.23,56.8918
1041.23,56.7601
1042.23,56.6288
1043.23,56.498
1044.23,56.3677
1045.23,56.2378
1046.23,56.1084
1047.23,55.9795
1048.23,55.851
1049.23,55.723
1050.23,55.5955
1051.23,55.4684
1052.23,55.3418
1053.23,55.2156
1054.23,55.0898
1055.23,54.9645
1056.23,54.8397
1057.23,54.7153
1058.23,54.5913
1059.23,54.4678
1060.23,54.3447
1061.23,54.222
1062.23,54.0997
1063.23,53.9778
1064.23,53.8564
1065.23,53.7353
1066.23,53.6147
1067.23,53.4945
1068.23,53.3747
1069.23,53.2553
1070.23,53.1363
1071.23,53.0178
1072.23,52.8996
1073.23,52.7819
1074.23,52.6645
1075.23,52.5476
1076.23,52.4311
1077.23,52.3149
1078.23,52.1992
1079.23,52.0839
1080.23,51.969
1081.23,51.8545
1082.23,51.7404
1083.23,51.6267
1084.23,51.5134
1085.23,51.4004
1086.23,51.2879
1087.23,51.1758
1088.23,51.0641
1089.23,50.9528
1090.23,50.8419
1091.23,50.7314
1092.23,50.6213
1093.23,50.5116
1094.23,50.4023
1095.23,50.2934
1096.23,50.185
1097.23,50.0769
1098.23,49.9692
1099.23,49.8618
1100.23,49.7549
1101.23,49.6484
1102.23,49.5423
1103.23,49.4365
1104.23,49.3312
1105.23,49.2262
1106.23,49.1216
1107.23,49.0174
1108.23,48.9135
1109.23,48.8101
1110.23,48.707
1111.23,48.6043
1112.23,48.5019
1113.23,48.4
1114.23,48.2984
1115.23,48.1971
1116.23,48.0963
1117.23,47.9958
1118.23,47.8956
1119.23,47.7958
1120.23,47.6964
1121.23,47.5973
1122.23,47.4986
1123.23,47.4002
1124.23,47.3022
1125.23,47.2044
1126.23,47.1071
1127.23,47.01
1128.23,46.9133
1129.23,46.817
1130.23,46.721
1131.23,46.6253
1132.23,46.53
1133.23,46.435
1134.23,46.3403
1135.23,46.246
1136.23,46.152
1137.23,46.0584
1138.23,45.9651
1139.23,45.8721
1140.23,45.7794
1141.23,45.6871
1142.23,45.5951
1143.23,45.5035
1144.23,45.4121
1145.23,45.3211
1146.23,45.2304
1147.23,45.1401
1148.23,45.05
1149.23,44.9603
1150.23,44.8709
1151.23,44.7819
1152.23,44.6931
1153.23,44.6047
1154.23,44.5166
1155.23,44.4288
1156.23,44.3413
1157.23,44.2541
1158.23,44.1673
1159.23,44.0808
1160.23,43.9946
1161.23,43.9087
1162.23,43.8231
1163.23,43.7379
1164.23,43.6529
1165.23,43.5683
1166.23,43.484
1167.23,43.4
1168.23,43.3163
1169.23,43.2329
1170.23,43.1498
1171.23,43.067
1172.23,42.9845
1173.23,42.9023
1174.23,42.8204
1175.23,42.7388
1176.23,42.6575
1177.23,42.5765
1178.23,42.4958
1179.23,42.4153
1180.23,42.3352
1181.23,42.2553
1182.23,42.1758
1183.23,42.0965
1184.23,42.0175
1185.23,41.9388
1186.23,41.8604
1187.23,41.7822
1188.23,41.7044
1189.23,41.6268
1190.23,41.5495
1191.23,41.4724
1192.23,41.3957
1193.23,41.3192
1194.23,41.243
1195.23,41.1671
1196.23,41.0914
1197.23,41.0161
1198.23,40.9409
1199.23,40.8661
1200.23,40.7915
1201.23,40.7172
1202.23,40.6431
1203.23,40.5693
1204.23,40.4957
1205.23,40.4224
1206.23,40.3494
1207.23,40.2766
1208.23,40.2041
1209.23,40.1318
1210.23,40.0598
1211.23,39.9881
1212.23,39.9166
1213.23,39.8453
1214.23,39.7743
1215.23,39.7036
1216.23,39.6331
1217.23,39.5628
1218.23,39.4929
1219.23,39.4231
1220.23,39.3536
1221.23,39.2844
1222.23,39.2154
1223.23,39.1466
1224.23,39.0781
1225.23,39.0099
1226.23,38.9418
1227.23,38.8741
1228.23,38.8065
1229.23,38.7392
1230.23,38.6722
1231.23,38.6054
1232.23,38.5388
1233.23,38.4725
1234.23,38.4064
1235.23,38.3405
1236.23,38.2749
1237.23,38.2095
1238.23,38.1443
1239.23,38.0794
1240.23,38.0147
1241.23,37.9503
1242.23,37.886
1243.23,37.8221
1244.23,37.7583
1245.23,37.6947
1246.23,37.6314
1247.23,37.5683
1248.23,37.5055
1249.23,37.4429
1250.23,37.3805
1251.23,37.3183
1252.23,37.2563
1253.23,37.1946
1254.23,37.1331
1255.23,37.0719
1256.23,37.0108
1257.23,36.95
1258.23,36.8894
1259.23,36.829
1260.23,36.7689
1261.23,36.7089
1262.23,36.6492
1263.23,36.5897
1264.23,36.5304
1265.23,36.4713
1266.23,36.4124
1267.23,36.3538
1268.23,36.2953
1269.23,36.2371
1270.23,36.179
1271.23,36.1212
1272.23,36.0636
1273.23,36.0062
1274.23,35.949
1275.23,35.892
1276.23,35.8352
1277.23,35.7787
1278.23,35.7223
1279.23,35.6661
1280.23,35.6101
1281.23,35.5543
1282.23,35.4988
1283.23,35.4434
1284.23,35.3882
1285.23,35.3332
1286.23,35.2785
1287.23,35.2239
1288.23,35.1695
1289.23,35.1153
1290.23,35.0613
1291.23,35.0075
1292.23,34.9539
1293.23,34.9004
1294.23,34.8472
1295.23,34.7942
1296.23,34.7413
1297.23,34.6886
1298.23,34.6362
1299.23,34.5839
1300.23,34.5318
1301.23,34.4799
1302.23,34.4282
1303.23,34.3766
1304.23,34.3253
1305.23,34.2741
1306.23,34.2231
1307.23,34.1723
1308.23,34.1217
1309.23,34.0712
1310.23,34.021
1311.23,33.9709
1312.23,33.921
1313.23,33.8712
1314.23,33.8217
1315.23,33.7723
1316.23,33.7231
1317.23,33.6741
1318.23,33.6253
1319.23,33.5766
1320.23,33.5281
1321.23,33.4798
1322.23,33.4316
1323.23,33.3837
1324.23,33.3359
1325.23,33.2882
1326.23,33.2408
1327.23,33.1935
1328.23,33.1464
1329.23,33.0994
1330.23,33.0526
1331.23,33.006
1332.23,32.9595
1333.23,32.9133
1334.23,32.8671
1335.23,32.8212
1336.23,32.7754
1337.23,32.7298
1338.23,32.6843
1339.23,32.639
1340.23,32.5939
1341.23,32.5489
1342.23,32.5041
1343.23,32.4594
1344.23,32.4149
1345.23,32.3706
1346.23,32.3264
1347.23,32.2824
1348.23,32.2385
1349.23,32.1948
1350.23,32.1512
1351.23,32.1078
1352.23,32.0646
1353.23,32.0215
1354.23,31.9786
1355.23,31.9358
1356.23,31.8932
1357.23,31.8507
1358.23,31.8084
1359.23,31.7662
1360.23,31.7242
1361.23,31.6823
1362.23,31.6406
1363.23,31.599
1364.23,31.5576
1365.23,31.5163
1366.23,31.4752
1367.23,31.4342
1368.23,31.3934
1369.23,31.3527
1370.23,31.3122
1371.23,31.2718
1372.23,31.2315
1373.23,31.1914
1374.23,31.1515
1375.23,31.1116
1376.23,31.072
1377.23,31.0324
1378.23,30.993
1379.23,30.9538
1380.23,30.9146
1381.23,30.8757
1382.23,30.8368
1383.23,30.7981
1384.23,30.7596
1385.23,30.7212
1386.23,30.6829
1387.23,30.6447
1388.23,30.6067
1389.23,30.5688
1390.23,30.5311
1391.23,30.4935
1392.23,30.456
1393.23,30.4187
1394.23,30.3814
1395.23,30.3444
1396.23,30.3074
1397.23,30.2706
1398.23,30.2339
1399.23,30.1973
1400.23,30.1609
1401.23,30.1246
1402.23,30.0884
1403.23,30.0524
1404.23,30.0165
1405.23,29.9807
1406.23,29.945
1407.23,29.9095
1408.23,29.8741
1409.23,29.8388
1410.23,29.8036
1411.23,29.7686
1412.23,29.7337
1413.23,29.6989
1414.23,29.6643
1415.23,29.6297
1416.23,29.5953
1417.23,29.561
1418.23,29.5269
1419.23,29.4928
1420.23,29.4589
1421.23,29.4251
1422.23,29.3914
1423.23,29.3579
1424.23,29.3244
1425.23,29.2911
1426.23,29.2579
1427.23,29.2248
1428.23,29.1919
1429.23,29.159
1430.23,29.1263
1431.23,29.0937
1432.23,29.0612
1433.23,29.0288
1434.23,28.9965
1435.23,28.9644
1436.23,28.9324
1437.23,28.9004
1438.23,28.8686
1439.23,28.837
1440.23,28.8054
1441.23,28.7739
1442.23,28.7426
1443.23,28.7113
1444.23,28.6802
1445.23,28.6492
1446.23,28.6183
1447.23,28.5875
1448.23,28.5568
1449.23,28.5262
1450.23,28.4957
1451.23,28.4654
1452.23,28.4351
1453.23,28.405
1454.23,28.375
1455.23,28.345
1456.23,28.3152
1457.23,28.2855
1458.23,28.2559
1459.23,28.2264
1460.23,28.197
1461.23,28.1677
1462.23,28.1385
1463.23,28.1095
1464.23,28.0805
1465.23,28.0516
1466.23,28.0228
1467.23,27.9942
1468.23,27.9656
1469.23,27.9371
1470.23,27.9088
1471.23,27.8805
1472.23,27.8524
1473.23,27.8243
1474.23,27.7964
1475.23,27.7685
1476.23,27.7407
1477.23,27.7131
1478.23,27.6855
1479.23,27.6581
1480.23,27.6307
1481.23,27.6034
1482.23,27.5763
1483.23,27.5492
1484.23,27.5222
1485.23,27.4954
1486.23,27.4686
1487.23,27.4419
1488.23,27.4153
1489.23,27.3888
1490.23,27.3624
1491.23,27.3361
1492.23,27.3099
1493.23,27.2838
1494.23,27.2578
1495.23,27.2318
1496.23,27.206
1497.23,27.1802
1498.23,27.1546
1499.23,27.129
1500.23,27.1036
1501.23,27.0782
1502.23,27.0529
1503.23,27.0277
1504.23,27.0026
1505.23,26.9776
1506.23,26.9527
1507.23,26.9278
1508.23,26.9031
1509.23,26.8784
1510.23,26.8539
1511.23,26.8294
1512.23,26.805
1513.23,26.7807
1514.23,26.7565
1515.23,26.7324
1516.23,26.7083
1517.23,26.6844
1518.23,26.6605
1519.23,26.6367
1520.23,26.613
1521.23,26.5894
1522.23,26.5659
1523.23,26.5424
1524.23,26.5191
1525.23,26.4958
1526.23,26.4726
1527.23,26.4495
1528.23,26.4265
1529.23,26.4035
1530.23,26.3807
1531.23,26.3579
1532.23,26.3352
1533.23,26.3126
1534.23,26.29
1535.23,26.2676
1536.23,26.2452
1537.23,26.2229
1538.23,26.2007
1539.23,26.1785
1540.23,26.1565
1541.23,26.1345
1542.23,26.1126
1543.23,26.0908
1544.23,26.069
1545.23,26.0473
1546.23,26.0258
1547.23,26.0042
1548.23,25.9828
1549.23,25.9614
1550.23,25.9402
1551.23,25.919
1552.23,25.8978
1553.23,25.8768
1554.23,25.8558
1555.23,25.8349
1556.23,25.814
1557.23,25.7933
1558.23,25.7726
1559.23,25.752
1560.23,25.7315
1561.23,25.711
1562.23,25.6906
1563.23,25.6703
1564.23,25.6501
1565.23,25.6299
1566.23,25.6098
1567.23,25.5898
1568.23,25.5698
1569.23,25.5499
1570.23,25.5301
1571.23,25.5104
1572.23,25.4907
1573.23,25.4711
1574.23,25.4516
1575.23,25.4321
1576.23,25.4127
1577.23,25.3934
1578.23,25.3741
1579.23,25.3549
1580.23,25.3358
1581.23,25.3168
1582.23,25.2978
1583.23,25.2789
1584.23,25.26
1585.23,25.2413
1586.23,25.2225
1587.23,25.2039
1588.23,25.1853
1589.23,25.1668
1590.23,25.1484
1591.23,25.13
1592.23,25.1117
1593.23,25.0934
1594.23,25.0752
1595.23,25.0571
1596.23,25.0391
1597.23,25.0211
1598.23,25.0032
1599.23,24.9853
1600.23,24.9675
1601.23,24.9498
1602.23,24.9321
1603.23,24.9145
1604.23,24.8969
1605.23,24.8795
1606.23,24.862
1607.23,24.8447
1608.23,24.8274
1609.23,24.8102
1610.23,24.793
1611.23,24.7759
1612.23,24.7588
1613.23,24.7418
1614.23,24.7249
1615.23,24.7081
1616.23,24.6912
1617.23,24.6745
1618.23,24.6578
1619.23,24.6412
1620.23,24.6246
1621.23,24.6081
1622.23,24.5917
1623.23,24.5753
1624.23,24.5589
1625.23,24.5427
1626.23,24.5264
1627.23,24.5103
1628.23,24.4942
1629.23,24.4781
1630.23,24.4622
1631.23,24.4462
1632.23,24.4304
1633.23,24.4145
1634.23,24.3988
1635.23,24.3831
1636.23,24.3674
1637.23,24.3518
1638.23,24.3363
1639.23,24.3208
1640.23,24.3054
1641.23,24.29
1642.23,24.2747
1643.23,24.2595
1644.23,24.2443
1645.23,24.2291
1646.23,24.214
1647.23,24.199
1648.23,24.184
1649.23,24.169
1650.23,24.1542
1651.23,24.1393
1652.23,24.1246
1653.23,24.1098
1654.23,24.0952
1655.23,24.0806
1656.23,24.066
1657.23,24.0515
1658.23,24.037
1659.23,24.0226
1660.23,24.0082
1661.23,23.9939
1662.23,23.9797
1663.23,23.9655
1664.23,23.9513
1665.23,23.9372
1666.23,23.9232
1667.23,23.9092
1668.23,23.8952
1669.23,23.8813
1670.23,23.8674
1671.23,23.8536
1672.23,23.8399
1673.23,23.8262
1674.23,23.8125
1675.23,23.7989
1676.23,23.7853
1677.23,23.7718
1678.23,23.7584
1679.23,23.745
1680.23,23.7316
1681.23,23.7183
1682.23,23.705
1683.23,23.6918
1684.23,23.6786
1685.23,23.6655
1686.23,23.6524
1687.23,23.6393
1688.23,23.6263
1689.23,23.6134
1690.23,23.6005
1691.23,23.5877
1692.23,23.5748
1693.23,23.5621
1694.23,23.5494
1695.23,23.5367
1696.23,23.5241
1697.23,23.5115
1698.23,23.499
1699.23,23.4865
1700.23,23.474
1701.23,23.4616
1702.23,23.4493
1703.23,23.437
1704.23,23.4247
1705.23,23.4125
1706.23,23.4003
1707.23,23.3882
1708.23,23.3761
1709.23,23.364
1710.23,23.352
1711.23,23.34
1712.23,23.3281
1713.23,23.3162
1714.23,23.3044
1715.23,23.2926
1716.23,23.2808
1717.23,23.2691
1718.23,23.2575
1719.23,23.2458
1720.23,23.2343
1721.23,23.2227
1722.23,23.2112
1723.23,23.1997
1724.23,23.1883
1725.23,23.1769
1726.23,23.1656
1727.23,23.1543
1728.23,23.143
1729.23,23.1318
1730.23,23.1206
1731.23,23.1095
1732.23,23.0984
1733.23,23.0874
1734.23,23.0763
1735.23,23.0654
1736.23,23.0544
1737.23,23.0435
1738.23,23.0326
1739.23,23.0218
1740.23,23.011
1741.23,23.0003
1742.23,22.9896
1743.23,22.9789
1744.23,22.9683
1745.23,22.9577
1746.23,22.9471
1747.23,22.9366
1748.23,22.9261
1749.23,22.9157
1750.23,22.9053
1751.23,22.8949
1752.23,22.8846
1753.23,22.8743
1754.23,22.864
1755.23,22.8538
1756.23,22.8436
1757.23,22.8335
1758.23,22.8233
1759.23,22.8133
1760.23,22.8032
1761.23,22.7932
1762.23,22.7832
1763.23,22.7733
1764.23,22.7634
1765.23,22.7535
1766.23,22.7437
1767.23,22.7339
1768.23,22.7242
1769.23,22.7144
1770.23,22.7048
1771.23,22.6951
1772.23,22.6855
1773.23,22.6759
1774.23,22.6663
1775.23,22.6568
1776.23,22.6473
1777.23,22.6379
1778.23,22.6285
1779.23,22.6191
1780.23,22.6098
1781.23,22.6004
1782.23,22.5912
1783.23,22.5819
1784.23,22.5727
1785.23,22.5635
1786.23,22.5544
1787.23,22.5452
1788.23,22.5362
1789.23,22.5271
1790.23,22.5181
1791.23,22.5091
1792.23,22.5001
1793.23,22.4912
1794.23,22.4823
1795.23,22.4735
1796.23,22.4646
1797.23,22.4558
1798.23,22.4471
1799.23,22.4383
1800.23,22.4296
1801.23,22.421
1802.23,22.4123
1803.23,22.4037
1804.23,22.3951
1805.23,22.3866
1806.23,22.3781
1807.23,22.3696
1808.23,22.3611
1809.23,22.3527
1810.23,22.3443
1811.23,22.3359
1812.23,22.3276
1813.23,22.3193
1814.23,22.311
1815.23,22.3028
1816.23,22.2945
1817.23,22.2864
1818.23,22.2782
1819.23,22.2701
1820.23,22.262
1821.23,22.2539
1822.23,22.2458
1823.23,22.2378
1824.23,22.2298
1825.23,22.2219
1826.23,22.2139
1827.23,22.206
1828.23,22.1982
1829.23,22.1903
1830.23,22.1825
1831.23,22.1747
1832.23,22.167
1833.23,22.1592
1834.23,22.1515
1835.23,22.1438
1836.23,22.1362
1837.23,22.1286
1838.23,22.121
1839.23,22.1134
1840.23,22.1059
1841.23,22.0983
1842.23,22.0908
1843.23,22.0834
1844.23,22.0759
1845.23,22.0685
1846.23,22.0612
1847.23,22.0538
1848.23,22.0465
1849.23,22.0392
1850.23,22.0319
1851.23,22.0246
1852.23,22.0174
1853.23,22.0102
1854.23,22.003
1855.23,21.9959
1856.23,21.9888
1857.23,21.9817
1858.23,21.9746
1859.23,21.9675
1860.23,21.9605
1861.23,21.9535
1862.23,21.9466
1863.23,21.9396
1864.23,21.9327
1865.23,21.9258
1866.23,21.9189
1867.23,21.9121
1868.23,21.9052
1869.23,21.8984
1870.23,21.8917
1871.23,21.8849
1872.23,21.8782
1873.23,21.8715
1874.23,21.8648
1875.23,21.8581
1876.23,21.8515
1877.23,21.8449
1878.23,21.8383
1879.23,21.8318
1880.23,21.8252
1881.23,21.8187
1882.23,21.8122
1883.23,21.8057
1884.23,21.7993
1885.23,21.7929
1886.23,21.7865
1887.23,21.7801
1888.23,21.7738
1889.23,21.7674
1890.23,21.7611
1891.23,21.7548
1892.23,21.7486
1893.23,21.7423
1894.23,21.7361
1895.23,21.7299
1896.23,21.7237
1897.23,21.7176
1898.23,21.7115
1899.23,21.7053
1900.23,21.6993
1901.23,21.6932
1902.23,21.6871
1903.23,21.6811
1904.23,21.6751
1905.23,21.6691
1906.23,21.6632
1907.23,21.6573
1908.23,21.6513
1909.23,21.6454
1910.23,21.6396
1911.23,21.6337
1912.23,21.6279
1913.23,21.6221
1914.23,21.6163
1915.23,21.6105
1916.23,21.6048
1917.23,21.599
1918.23,21.5933
1919.23,21.5877
1920.23,21.582
1921.23,21.5763
1922.23,21.5707
1923.23,21.5651
1924.23,21.5595
1925.23,21.554
1926.23,21.5484
1927.23,21.5429
1928.23,21.5374
1929.23,21.5319
1930.23,21.5264
1931.23,21.521
1932.23,21.5156
1933.23,21.5101
1934.23,21.5048
1935.23,21.4994
1936.23,21.494
1937.23,21.4887
1938.23,21.4834
1939.23,21.4781
1940.23,21.4728
1941.23,21.4676
1942.23,21.4623
1943.23,21.4571
1944.23,21.4519
1945.23,21.4467
1946.23,21.4416
1947.23,21.4364
1948.23,21.4313
1949.23,21.4262
1950.23,21.4211
1951.23,21.416
1952.23,21.411
1953.23,21.4059
1954.23,21.4009
1955.23,21.3959
1956.23,21.3909
1957.23,21.386
1958.23,21.381
1959.23,21.3761
1960.23,21.3712
1961.23,21.3663
1962.23,21.3614
1963.23,21.3565
1964.23,21.3517
1965.23,21.3469
1966.23,21.3421
1967.23,21.3373
1968.23,21.3325
1969.23,21.3278
1970.23,21.323
1971.23,21.3183
1972.23,21.3136
1973.23,21.3089
1974.23,21.3042
1975.23,21.2996
1976.23,21.2949
1977.23,21.2903
1978.23,21.2857
1979.23,21.2811
1980.23,21.2766
1981.23,21.272
1982.23,21.2675
1983.23,21.2629
1984.23,21.2584
1985.23,21.2539
1986.23,21.2495
1987.23,21.245
1988.23,21.2406
1989.23,21.2361
1990.23,21.2317
1991.23,21.2273
1992.23,21.2229
1993.23,21.2186
1994.23,21.2142
1995.23,21.2099
1996.23,21.2056
1997.23,21.2013
1998.23,21.197
1999.23,21.1927
2000.23,21.1885
2001.23,21.1842
2002.23,21.18
2003.23,21.1758
2004.23,21.1716
2005.23,21.1674
2006.23,21.1632
2007.23,21.1591
2008.23,21.1549
2009.23,21.1508
2010.23,21.1467
2011.23,21.1426
2012.23,21.1385
2013.23,21.1345
2014.23,21.1304
2015.23,21.1264
2016.23,21.1224
2017.23,21.1184
2018.23,21.1144
2019.23,21.1104
2020.23,21.1064
2021.23,21.1025
2022.23,21.0986
2023.23,21.0946
2024.23,21.0907
2025.23,21.0868
2026.23,21.083
2027.23,21.0791
2028.23,21.0752
2029.23,21.0714
2030.23,21.0676
2031.23,21.0638
2032.23,21.06
2033.23,21.0562
2034.23,21.0524
2035.23,21.0487
2036.23,21.0449
2037.23,21.0412
2038.23,21.0375
2039.23,21.0338
2040.23,21.0301
2041.23,21.0264
2042.23,21.0227
2043.23,21.0191
2044.23,21.0155
2045.23,21.0118
2046.23,21.0082
2047.23,21.0046
2048.23,21.001
2049.23,20.9975
2050.23,20.9939
2051.23,20.9904
2052.23,20.9868
2053.23,20.9833
2054.23,20.9798
2055.23,20.9763
2056.23,20.9728
2057.23,20.9693
2058.23,20.9659
2059.23,20.9624
2060.23,20.959
2061.23,20.9556
2062.23,20.9522
2063.23,20.9488
2064.23,20.9454
2065.23,20.942
2066.23,20.9387
2067.23,20.9353
2068.23,20.932
2069.23,20.9286
2070.23,20.9253
2071.23,20.922
2072.23,20.9187
2073.23,20.9154
2074.23,20.9122
2075.23,20.9089
2076.23,20.9057
2077.23,20.9025
2078.23,20.8992
2079.23,20.896
2080.23,20.8928
2081.23,20.8896
2082.23,20.8865
2083.23,20.8833
2084.23,20.8801
2085.23,20.877
2086.23,20.8739
2087.23,20.8708
2088.23,20.8676
2089.23,20.8646
2090.23,20.8615
2091.23,20.8584
2092.23,20.8553
2093.23,20.8523
2094.23,20.8492
2095.23,20.8462
2096.23,20.8432
2097.23,20.8402
2098.23,20.8372
2099.23,20.8342
2100.23,20.8312
2101.23,20.8282
2102.23,20.8253
2103.23,20.8223
2104.23,20.8194
2105.23,20.8165
2106.23,20.8136
2107.23,20.8107
2108.23,20.8078
2109.23,20.8049
2110.23,20.802
2111.23,20.7992
2112.23,20.7963
2113.23,20.7935
2114.23,20.7906
2115.23,20.7878
2116.23,20.785
2117.23,20.7822
2118.23,20.7794
2119.23,20.7766
2120.23,20.7739
2121.23,20.7711
2122.23,20.7683
2123.23,20.7656
2124.23,20.7629
2125.23,20.7601
2126.23,20.7574
2127.23,20.7547
2128.23,20.752
2129.23,20.7493
2130.23,20.7467
2131.23,20.744
2132.23,20.7414
2133.23,20.7387
2134.23,20.7361
2135.23,20.7334
2136.23,20.7308
2137.23,20.7282
2138.23,20.7256
2139.23,20.723
2140.23,20.7204
2141.23,20.7179
2142.23,20.7153
2143.23,20.7128
2144.23,20.7102
2145.23,20.7077
2146.23,20.7052
2147.23,20.7026
2148.23,20.7001
2149.23,20.6976
2150.23,20.6951
2151.23,20.6927
2152.23,20.6902
2153.23,20.6877
2154.23,20.6853
2155.23,20.6828
2156.23,20.6804
2157.23,20.678
2158.23,20.6755
2159.23,20.6731
2160.23,20.6707
2161.23,20.6683
2162.23,20.666
2163.23,20.6636
2164.23,20.6612
2165.23,20.6588
2166.23,20.6565
2167.23,20.6542
2168.23,20.6518
2169.23,20.6495
2170.23,20.6472
2171.23,20.6449
2172.23,20.6426
2173.23,20.6403
2174.23,20.638
2175.23,20.6357
2176.23,20.6334
2177.23,20.6312
2178.23,20.6289
2179.23,20.6267
2180.23,20.6244
2181.23,20.6222
2182.23,20.62
2183.23,20.6178
2184.23,20.6156
2185.23,20.6134
2186.23,20.6112
2187.23,20.609
2188.23,20.6068
2189.23,20.6047
2190.23,20.6025
2191.23,20.6004
2192.23,20.5982
2193.23,20.5961
2194.23,20.594
2195.23,20.5918
2196.23,20.5897
2197.23,20.5876
2198.23,20.5855
2199.23,20.5834
2200.23,20.5814
2201.23,20.5793
2202.23,20.5772
2203.23,20.5752
2204.23,20.5731
2205.23,20.5711
2206.23,20.569
2207.23,20.567
2208.23,20.565
2209.23,20.563
2210.23,20.5609
2211.23,20.5589
2212.23,20.5569
2213.23,20.555
2214.23,20.553
2215.23,20.551
2216.23,20.549
2217.23,20.5471
2218.23,20.5451
2219.23,20.5432
2220.23,20.5412
2221.23,20.5393
2222.23,20.5374
2223.23,20.5355
2224.23,20.5336
2225.23,20.5317
2226.23,20.5298
2227.23,20.5279
2228.23,20.526
2229.23,20.5241
2230.23,20.5222
2231.23,20.5204
2232.23,20.5185
2233.23,20.5167
2234.23,20.5148
2235.23,20.513
2236.23,20.5111
2237.23,20.5093
2238.23,20.5075
2239.23,20.5057
2240.23,20.5039
2241.23,20.5021
2242.23,20.5003
2243.23,20.4985
2244.23,20.4967
2245.23,20.495
2246.23,20.4932
2247.23,20.4914
2248.23,20.4897
2249.23,20.4879
2250.23,20.4862
2251.23,20.4845
2252.23,20.4827
2253.23,20.481
2254.23,20.4793
2255.23,20.4776
2256.23,20.4759
2257.23,20.4742
2258.23,20.4725
2259.23,20.4708
2260.23,20.4691
2261.23,20.4674
2262.23,20.4658
2263.23,20.4641
2264.23,20.4625
2265.23,20.4608
2266.23,20.4592
2267.23,20.4575
2268.23,20.4559
2269.23,20.4543
2270.23,20.4526
2271.23,20.451
2272.23,20.4494
2273.23,20.4478
2274.23,20.4462
2275.23,20.4446
2276.23,20.443
2277.23,20.4415
2278.23,20.4399
2279.23,20.4383
2280.23,20.4367
2281.23,20.4352
2282.23,20.4336
2283.23,20.4321
2284.23,20.4305
2285.23,20.429
2286.23,20.4275
2287.23,20.426
2288.23,20.4244
2289.23,20.4229
2290.23,20.4214
2291.23,20.4199
2292.23,20.4184
2293.23,20.4169
2294.23,20.4154
2295.23,20.4139
2296.23,20.4125
2297.23,20.411
2298.23,20.4095
2299.23,20.4081
2300.23,20.4066
2301.23,20.4052
2302.23,20.4037
2303.23,20.4023
2304.23,20.4008
2305.23,20.3994
2306.23,20.398
2307.23,20.3966
2308.23,20.3951
2309.23,20.3937
2310.23,20.3923
2311.23,20.3909
2312.23,20.3895
2313.23,20.3881
2314.23,20.3868
2315.23,20.3854
2316.23,20.384
2317.23,20.3826
2318.23,20.3813
2319.23,20.3799
2320.23,20.3785
2321.23,20.3772
2322.23,20.3759
2323.23,20.3745
2324.23,20.3732
2325.23,20.3718
2326.23,20.3705
2327.23,20.3692
2328.23,20.3679
2329.23,20.3666
2330.23,20.3653
2331.23,20.364
2332.23,20.3627
2333.23,20.3614
2334.23,20.3601
2335.23,20.3588
2336.23,20.3575
2337.23,20.3562
2338.23,20.355
2339.23,20.3537
2340.23,20.3524
2341.23,20.3512
2342.23,20.3499
2343.23,20.3487
2344.23,20.3474
2345.23,20.3462
2346.23,20.3449
2347.23,20.3437
2348.23,20.3425
2349.23,20.3413
2350.23,20.34
2351.23,20.3388
2352.23,20.3376
2353.23,20.3364
2354.23,20.3352
2355.23,20.334
2356.23,20.3328
2357.23,20.3316
2358.23,20.3305
2359.23,20.3293
2360.23,20.3281
2361.23,20.3269
2362.23,20.3258
2363.23,20.3246
2364.23,20.3234
2365.23,20.3223
2366.23,20.3211
2367.23,20.32
2368.23,20.3189
2369.23,20.3177
2370.23,20.3166
2371.23,20.3155
2372.23,20.3143
2373.23,20.3132
2374.23,20.3121
2375.23,20.311
2376.23,20.3099
2377.23,20.3088
2378.23,20.3077
2379.23,20.3066
2380.23,20.3055
2381.23,20.3044
2382.23,20.3033
2383.23,20.3022
2384.23,20.3011
2385.23,20.3001
2386.23,20.299
2387.23,20.2979
2388.23,20.2969
2389.23,20.2958
2390.23,20.2947
2391.23,20.2937
2392.23,20.2926
2393.23,20.2916
2394.23,20.2906
2395.23,20.2895
2396.23,20.2885
2397.23,20.2875
2398.23,20.2864
2399.23,20.2854
2400.23,20.2844
2401.23,20.2834
2402.23,20.2824
2403.23,20.2814
2404.23,20.2803
2405.23,20.2793
2406.23,20.2784
2407.23,20.2774
2408.23,20.2764
2409.23,20.2754
2410.23,20.2744
2411.23,20.2734
2412.23,20.2724
2413.23,20.2715
2414.23,20.2705
2415.23,20.2695
2416.23,20.2686
2417.23,20.2676
2418.23,20.2667
2419.23,20.2657
2420.23,20.2648
2421.23,20.2638
2422.23,20.2629
2423.23,20.2619
2424.23,20.261
2425.23,20.2601
2426.23,20.2591
2427.23,20.2582
2428.23,20.2573
2429.23,20.2564
2430.23,20.2555
2431.23,20.2546
2432.23,20.2536
2433.23,20.2527
2434.23,20.2518
2435.23,20.2509
2436.23,20.25
2437.23,20.2491
2438.23,20.2483
2439.23,20.2474
2440.23,20.2465
2441.23,20.2456
2442.23,20.2447
2443.23,20.2439
2444.23,20.243
2445.23,20.2421
2446.23,20.2413
2447.23,20.2404
2448.23,20.2395
2449.23,20.2387
2450.23,20.2378
2451.23,20.237
2452.23,20.2361
2453.23,20.2353
2454.23,20.2345
2455.23,20.2336
2456.23,20.2328
2457.23,20.232
2458.23,20.2311
2459.23,20.2303
2460.23,20.2295
2461.23,20.2287
2462.23,20.2278
2463.23,20.227
2464.23,20.2262
2465.23,20.2254
2466.23,20.2246
2467.23,20.2238
2468.23,20.223
2469.23,20.2222
2470.23,20.2214
2471.23,20.2206
2472.23,20.2198
2473.23,20.2191
2474.23,20.2183
2475.23,20.2175
2476.23,20.2167
2477.23,20.2159
2478.23,20.2152
2479.23,20.2144
2480.23,20.2136
2481.23,20.2129
2482.23,20.2121
2483.23,20.2114
2484.23,20.2106
2485.23,20.2099
2486.23,20.2091
2487.23,20.2084
2488.23,20.2076
2489.23,20.2069
2490.23,20.2061
2491.23,20.2054
2492.23,20.2047
2493.23,20.2039
2494.23,20.2032
2495.23,20.2025
2496.23,20.2018
2497.23,20.201
2498.23,20.2003
2499.23,20.1996
2500.23,20.1989
2501.23,20.1982
2502.23,20.1975
2503.23,20.1968
2504.23,20.1961
2505.23,20.1954
2506.23,20.1947
2507.23,20.194
2508.23,20.1933
2509.23,20.1926
2510.23,20.1919
2511.23,20.1912
2512.23,20.1905
2513.23,20.1899
2514.23,20.1892
2515.23,20.1885
2516.23,20.1878
2517.23,20.1872
2518.23,20.1865
2519.23,20.1858
2520.23,20.1852
2521.23,20.1845
2522.23,20.1839
2523.23,20.1832
2524.23,20.1825
2525.23,20.1819
2526.23,20.1812
2527.23,20.1806
2528.23,20.18
2529.23,20.1793
2530.23,20.1787
2531.23,20.178
2532.23,20.1774
2533.23,20.1768
2534.23,20.1761
2535.23,20.1755
2536.23,20.1749
2537.23,20.1743
2538.23,20.1736
2539.23,20.173
2540.23,20.1724
2541.23,20.1718
2542.23,20.1712
2543.23,20.1706
2544.23,20.17
2545.23,20.1693
2546.23,20.1687
2547.23,20.1681
2548.23,20.1675
2549.23,20.1669
2550.23,20.1663
2551.23,20.1658
2552.23,20.1652
2553.23,20.1646
2554.23,20.164
2555.23,20.1634
2556.23,20.1628
2557.23,20.1622
2558.23,20.1617
2559.23,20.1611
2560.23,20.1605
2561.23,20.1599
2562.23,20.1594
2563.23,20.1588
2564.23,20.1582
2565.23,20.1577
2566.23,20.1571
2567.23,20.1565
2568.23,20.156
2569.23,20.1554
2570.23,20.1549
2571.23,20.1543
2572.23,20.1538
2573.23,20.1532
2574.23,20.1527
2575.23,20.1521
2576.23,20.1516
2577.23,20.151
2578.23,20.1505
2579.23,20.15
2580.23,20.1494
2581.23,20.1489
2582.23,20.1484
2583.23,20.1478
2584.23,20.1473
2585.23,20.1468
2586.23,20.1463
2587.23,20.1457
2588.23,20.1452
2589.23,20.1447
2590.23,20.1442
2591.23,20.1437
2592.23,20.1432
2593.23,20.1426
2594.23,20.1421
2595.23,20.1416
2596.23,20.1411
2597.23,20.1406
2598.23,20.1401
2599.23,20.1396
2600.23,20.1391
2601.23,20.1386
2602.23,20.1381
2603.23,20.1376
2604.23,20.1371
2605.23,20.1367
2606.23,20.1362
2607.23,20.1357
2608.23,20.1352
2609.23,20.1347
2610.23,20.1342
2611.23,20.1337
2612.23,20.1333
2613.23,20.1328
2614.23,20.1323
2615.23,20.1319
2616.23,20.1314
2617.23,20.1309
2618.23,20.1304
2619.23,20.13
2620.23,20.1295
2621.23,20.1291
2622.23,20.1286
2623.23,20.1281
2624.23,20.1277
2625.23,20.1272
2626.23,20.1268
2627.23,20.1263
2628.23,20.1259
2629.23,20.1254
2630.23,20.125
2631.23,20.1245
2632.23,20.1241
2633.23,20.1236
2634.23,20.1232
2635.23,20.1228
2636.23,20.1223
2637.23,20.1219
2638.23,20.1214
2639.23,20.121
2640.23,20.1206
2641.23,20.1201
2642.23,20.1197
2643.23,20.1193
2644.23,20.1189
2645.23,20.1184
2646.23,20.118
2647.23,20.1176
2648.23,20.1172
2649.23,20.1168
2650.23,20.1163
2651.23,20.1159
2652.23,20.1155
2653.23,20.1151
2654.23,20.1147
2655.23,20.1143
2656.23,20.1139
2657.23,20.1135
2658.23,20.1131
2659.23,20.1127
2660.23,20.1123
2661.23,20.1119
2662.23,20.1115
2663.23,20.1111
2664.23,20.1107
2665.23,20.1103
2666.23,20.1099
2667.23,20.1095
2668.23,20.1091
2669.23,20.1087
2670.23,20.1083
2671.23,20.1079
2672.23,20.1075
2673.23,20.1072
2674.23,20.1068
2675.23,20.1064
2676.23,20.106
2677.23,20.1056
2678.23,20.1053
2679.23,20.1049
2680.23,20.1045
2681.23,20.1041
2682.23,20.1038
2683.23,20.1034
2684.23,20.103
2685.23,20.1027
2686.23,20.1023
2687.23,20.1019
2688.23,20.1016
2689.23,20.1012
2690.23,20.1008
2691.23,20.1005
2692.23,20.1001
2693.23,20.0998
2694.23,20.0994
2695.23,20.0991
2696.23,20.0987
2697.23,20.0983
2698.23,20.098
2699.23,20.0976
2700.23,20.0973
2701.23,20.097
2702.23,20.0966
2703.23,20.0963
2704.23,20.0959
2705.23,20.0956
2706.23,20.0952
2707.23,20.0949
2708.23,20.0946
2709.23,20.0942
2710.23,20.0939
2711.23,20.0935
2712.23,20.0932
2713.23,20.0929
2714.23,20.0925
2715.23,20.0922
2716.23,20.0919
2717.23,20.0916
2718.23,20.0912
2719.23,20.0909
2720.23,20.0906
2721.23,20.0903
2722.23,20.0899
2723.23,20.0896
2724.23,20.0893
2725.23,20.089
2726.23,20.0887
2727.23,20.0883
2728.23,20.088
2729.23,20.0877
2730.23,20.0874
2731.23,20.0871
2732.23,20.0868
2733.23,20.0865
2734.23,20.0862
2735.23,20.0859
2736.23,20.0855
2737.23,20.0852
2738.23,20.0849
2739.23,20.0846
2740.23,20.0843
2741.23,20.084
2742.23,20.0837
2743.23,20.0834
2744.23,20.0831
2745.23,20.0828
2746.23,20.0825
2747.23,20.0822
2748.23,20.082
2749.23,20.0817
2750.23,20.0814
2751.23,20.0811
2752.23,20.0808
2753.23,20.0805
2754.23,20.0802
2755.23,20.0799
2756.23,20.0796
2757.23,20.0794
2758.23,20.0791
2759.23,20.0788
2760.23,20.0785
2761.23,20.0782
2762.23,20.078
2763.23,20.0777
2764.23,20.0774
2765.23,20.0771
2766.23,20.0768
2767.23,20.0766
2768.23,20.0763
2769.23,20.076
2770.23,20.0758
2771.23,20.0755
2772.23,20.0752
2773.23,20.0749
2774.23,20.0747
2775.23,20.0744
2776.23,20.0741
2777.23,20.0739
2778.23,20.0736
2779.23,20.0734
2780.23,20.0731
2781.23,20.0728
2782.23,20.0726
2783.23,20.0723
2784.23,20.0721
2785.23,20.0718
2786.23,20.0715
2787.23,20.0713
2788.23,20.071
2789.23,20.0708
2790.23,20.0705
2791.23,20.0703
2792.23,20.07
2793.23,20.0698
2794.23,20.0695
2795.23,20.0693
2796.23,20.069
2797.23,20.0688
2798.23,20.0685
2799.23,20.0683
2800.23,20.0681
2801.23,20.0678
2802.23,20.0676
2803.23,20.0673
2804.23,20.0671
2805.23,20.0668
2806.23,20.0666
2807.23,20.0664
2808.23,20.0661
2809.23,20.0659
2810.23,20.0657
2811.23,20.0654
2812.23,20.0652
2813.23,20.065
2814.23,20.0647
2815.23,20.0645
2816.23,20.0643
2817.23,20.064
2818.23,20.0638
2819.23,20.0636
2820.23,20.0634
2821.23,20.0631
2822.23,20.0629
2823.23,20.0627
2824.23,20.0625
2825.23,20.0622
2826.23,20.062
2827.23,20.0618
2828.23,20.0616
2829.23,20.0613
2830.23,20.0611
2831.23,20.0609
2832.23,20.0607
2833.23,20.0605
2834.23,20.0603
2835.23,20.06
2836.23,20.0598
2837.23,20.0596
2838.23,20.0594
2839.23,20.0592
2840.23,20.059
2841.23,20.0588
2842.23,20.0586
2843.23,20.0584
2844.23,20.0581
2845.23,20.0579
2846.23,20.0577
2847.23,20.0575
2848.23,20.0573
2849.23,20.0571
2850.23,20.0569
2851.23,20.0567
2852.23,20.0565
2853.23,20.0563
2854.23,20.0561
2855.23,20.0559
2856.23,20.0557
2857.23,20.0555
2858.23,20.0553
2859.23,20.0551
2860.23,20.0549
2861.23,20.0547
2862.23,20.0545
2863.23,20.0543
2864.23,20.0541
2865.23,20.0539
2866.23,20.0537
2867.23,20.0536
2868.23,20.0534
2869.23,20.0532
2870.23,20.053
2871.23,20.0528
2872.23,20.0526
2873.23,20.0524
2874.23,20.0522
2875.23,20.052
2876.23,20.0519
2877.23,20.0517
2878.23,20.0515
2879.23,20.0513
2880.23,20.0511
2881.23,20.0509
2882.23,20.0508
2883.23,20.0506
2884.23,20.0504
2885.23,20.0502
2886.23,20.05
2887.23,20.0499
2888.23,20.0497
2889.23,20.0495
2890.23,20.0493
2891.23,20.0492
2892.23,20.049
2893.23,20.0488
2894.23,20.0486
2895.23,20.0485
2896.23,20.0483
2897.23,20.0481
2898.23,20.0479
2899.23,20.0478
2900.23,20.0476
2901.23,20.0474
2902.23,20.0473
2903.23,20.0471
2904.23,20.0469
2905.23,20.0468
2906.23,20.0466
2907.23,20.0464
2908.23,20.0463
2909.23,20.0461
2910.23,20.0459
2911.23,20.0458
2912.23,20.0456
2913.23,20.0454
2914.23,20.0453
2915.23,20.0451
2916.23,20.045
2917.23,20.0448
2918.23,20.0446
2919.23,20.0445
2920.23,20.0443
2921.23,20.0442
2922.23,20.044
2923.23,20.0438
2924.23,20.0437
2925.23,20.0435
2926.23,20.0434
2927.23,20.0432
2928.23,20.0431
2929.23,20.0429
2930.23,20.0428
2931.23,20.0426
2932.23,20.0425
2933.23,20.0423
2934.23,20.0421
2935.23,20.042
2936.23,20.0418
2937.23,20.0417
2938.23,20.0415
2939.23,20.0414
2940.23,20.0413
2941.23,20.0411
2942.23,20.041
2943.23,20.0408
2944.23,20.0407
2945.23,20.0405
2946.23,20.0404
2947.23,20.0402
2948.23,20.0401
2949.23,20.0399
2950.23,20.0398
2951.23,20.0397
2952.23,20.0395
2953.23,20.0394
2954.23,20.0392
2955.23,20.0391
2956.23,20.039
2957.23,20.0388
2958.23,20.0387
2959.23,20.0385
2960.23,20.0384
2961.23,20.0383
2962.23,20.0381
2963.23,20.038
2964.23,20.0379
2965.23,20.0377
2966.23,20.0376
2967.23,20.0375
2968.23,20.0373
2969.23,20.0372
2970.23,20.0371
2971.23,20.0369
2972.23,20.0368
2973.23,20.0367
2974.23,20.0365
2975.23,20.0364
2976.23,20.0363
2977.23,20.0361
2978.23,20.036
2979.23,20.0359
2980.23,20.0358
2981.23,20.0356
2982.23,20.0355
2983.23,20.0354
2984.23,20.0352
2985.23,20.0351
2986.23,20.035
2987.23,20.0349
2988.23,20.0347
2989.23,20.0346
2990.23,20.0345
2991.23,20.0344
2992.23,20.0343
2993.23,20.0341
2994.23,20.034
2995.23,20.0339
2996.23,20.0338
2997.23,20.0336
2998.23,20.0335
2999.23,20.0334
3000.23,20.0333
3001.23,20.0332
3002.23,20.0331
3003.23,20.0329
3004.23,20.0328
3005.23,20.0327
3006.23,20.0326
3007.23,20.0325
3008.23,20.0324
3009.23,20.0322
3010.23,20.0321
3011.23,20.032
3012.23,20.0319
3013.23,20.0318
3014.23,20.0317
3015.23,20.0316
3016.23,20.0314
3017.23,20.0313
3018.23,20.0312
3019.23,20.0311
3020.23,20.031
3021.23,20.0309
3022.23,20.0308
3023.23,20.0307
3024.23,20.0306
3025.23,20.0304
3026.23,20.0303
3027.23,20.0302
3028.23,20.0301
3029.23,20.03
3030.23,20.0299
3031.23,20.0298
3032.23,20.0297
3033.23,20.0296
3034.23,20.0295
3035.23,20.0294
3036.23,20.0293
3037.23,20.0292
3038.23,20.0291
3039.23,20.029
3040.23,20.0289
3041.23,20.0288
3042.23,20.0286
3043.23,20.0285
3044.23,20.0284
3045.23,20.0283
3046.23,20.0282
3047.23,20.0281
3048.23,20.028
3049.23,20.0279
3050.23,20.0278
3051.23,20.0277
3052.23,20.0276
3053.23,20.0275
3054.23,20.0274
3055.23,20.0273
3056.23,20.0273
3057.23,20.0272
3058.23,20.0271
3059.23,20.027
3060.23,20.0269
3061.23,20.0268
3062.23,20.0267
3063.23,20.0266
3064.23,20.0265
3065.23,20.0264
3066.23,20.0263
3067.23,20.0262
3068.23,20.0261
3069.23,20.026
3070.23,20.0259
3071.23,20.0258
3072.23,20.0257
3073.23,20.0256
3074.23,20.0256
3075.23,20.0255
3076.23,20.0254
3077.23,20.0253
3078.23,20.0252
3079.23,20.0251
3080.23,20.025
3081.23,20.0249
3082.23,20.0248
3083.23,20.0247
3084.23,20.0247
3085.23,20.0246
3086.23,20.0245
3087.23,20.0244
3088.23,20.0243
3089.23,20.0242
3090.23,20.0241
3091.23,20.024
3092.23,20.024
3093.23,20.0239
3094.23,20.0238
3095.23,20.0237
3096.23,20.0236
3097.23,20.0235
3098.23,20.0235
3099.23,20.0234
3100.23,20.0233
3101.23,20.0232
3102.23,20.0231
3103.23,20.023
3104.23,20.023
3105.23,20.0229
3106.23,20.0228
3107.23,20.0227
3108.23,20.0226
3109.23,20.0225
3110.23,20.0225
3111.23,20.0224
3112.23,20.0223
3113.23,20.0222
3114.23,20.0221
3115.23,20.0221
3116.23,20.022
3117.23,20.0219
3118.23,20.0218
3119.23,20.0218
3120.23,20.0217
3121.23,20.0216
3122.23,20.0215
3123.23,20.0214
3124.23,20.0214
3125.23,20.0213
3126.23,20.0212
3127.23,20.0211
3128.23,20.0211
3129.23,20.021
3130.23,20.0209
3131.23,20.0208
3132.23,20.0208
3133.23,20.0207
3134.23,20.0206
3135.23,20.0205
3136.23,20.0205
3137.23,20.0204
3138.23,20.0203
3139.23,20.0203
3140.23,20.0202
3141.23,20.0201
3142.23,20.02
3143.23,20.02
3144.23,20.0199
3145.23,20.0198
3146.23,20.0198
3147.23,20.0197
3148.23,20.0196
3149.23,20.0195
3150.23,20.0195
3151.23,20.0194
3152.23,20.0193
3153.23,20.0193
3154.23,20.0192
3155.23,20.0191
3156.23,20.0191
3157.23,20.019
3158.23,20.0189
3159.23,20.0189
3160.23,20.0188
3161.23,20.0187
3162.23,20.0187
3163.23,20.0186
3164.23,20.0185
3165.23,20.0185
3166.23,20.0184
3167.23,20.0183
3168.23,20.0183
3169.23,20.0182
3170.23,20.0181
3171.23,20.0181
3172.23,20.018
3173.23,20.0179
3174.23,20.0179
3175.23,20.0178
3176.23,20.0177
3177.23,20.0177
3178.23,20.0176
3179.23,20.0176
3180.23,20.0175
3181.23,20.0174
3182.23,20.0174
3183.23,20.0173
3184.23,20.0172
3185.23,20.0172
3186.23,20.0171
3187.23,20.0171
3188.23,20.017
3189.23,20.0169
3190.23,20.0169
3191.23,20.0168
3192.23,20.0168
3193.23,20.0167
3194.23,20.0166
3195.23,20.0166
3196.23,20.0165
3197.23,20.0165
3198.23,20.0164
3199.23,20.0163
3200.23,20.0163
3201.23,20.0162
3202.23,20.0162
3203.23,20.0161
3204.23,20.0161
3205.23,20.016
3206.23,20.0159
3207.23,20.0159
3208.23,20.0158
3209.23,20.0158
3210.23,20.0157
3211.23,20.0157
3212.23,20.0156
3213.23,20.0155
3214.23,20.0155
3215.23,20.0154
3216.23,20.0154
3217.23,20.0153
3218.23,20.0153
3219.23,20.0152
3220.23,20.0152
3221.23,20.0151
3222.23,20.0151
3223.23,20.015
3224.23,20.0149
3225.23,20.0149
3226.23,20.0148
3227.23,20.0148
3228.23,20.0147
3229.23,20.0147
3230.23,20.0146
3231.23,20.0146
3232.23,20.0145
3233.23,20.0145
3234.23,20.0144
3235.23,20.0144
3236.23,20.0143
3237.23,20.0143
3238.23,20.0142
3239.23,20.0142
3240.23,20.0141
3241.23,20.0141
3242.23,20.014
3243.23,20.014
3244.23,20.0139
3245.23,20.0139
3246.23,20.0138
3247.23,20.0138
3248.23,20.0137
3249.23,20.0137
3250.23,20.0136
3251.23,20.0136
3252.23,20.0135
3253.23,20.0135
3254.23,20.0134
3255.23,20.0134
3256.23,20.0133
3257.23,20.0133
3258.23,20.0132
3259.23,20.0132
3260.23,20.0131
3261.23,20.0131
3262.23,20.013
3263.23,20.013
3264.23,20.013
3265.23,20.0129
3266.23,20.0129
3267.23,20.0128
3268.23,20.0128
3269.23,20.0127
3270.23,20.0127
3271.23,20.0126
3272.23,20.0126
3273.23,20.0125
3274.23,20.0125
3275.23,20.0125
3276.23,20.0124
3277.23,20.0124
3278.23,20.0123
3279.23,20.0123
3280.23,20.0122
3281.23,20.0122
3282.23,20.0121
3283.23,20.0121
3284.23,20.0121
3285.23,20.012
3286.23,20.012
3287.23,20.0119
3288.23,20.0119
3289.23,20.0118
3290.23,20.0118
3291.23,20.0118
3292.23,20.0117
3293.23,20.0117
3294.23,20.0116
3295.23,20.0116
3296.23,20.0116
3297.23,20.0115
3298.23,20.0115
3299.23,20.0114
3300.23,20.0114
3301.23,20.0113
3302.23,20.0113
3303.23,20.0113
3304.23,20.0112
3305.23,20.0112
3306.23,20.0111
3307.23,20.0111
3308.23,20.0111
3309.23,20.011
3310.23,20.011
3311.23,20.011
3312.23,20.0109
3313.23,20.0109
3314.23,20.0108
3315.23,20.0108
3316.23,20.0108
3317.23,20.0107
3318.23,20.0107
3319.23,20.0106
3320.23,20.0106
3321.23,20.0106
3322.23,20.0105
3323.23,20.0105
3324.23,20.0105
3325.23,20.0104
3326.23,20.0104
3327.23,20.0103
3328.23,20.0103
3329.23,20.0103
3330.23,20.0102
3331.23,20.0102
3332.23,20.0102
3333.23,20.0101
3334.23,20.0101
3335.23,20.01
3336.23,20.01
3337.23,20.01
3338.23,20.0099
3339.23,20.0099
3340.23,20.0099
3341.23,20.0098
3342.23,20.0098
3343.23,20.0098
3344.23,20.0097
3345.23,20.0097
3346.23,20.0097
3347.23,20.0096
3348.23,20.0096
3349.23,20.0096
3350.23,20.0095
3351.23,20.0095
3352.23,20.0095
3353.23,20.0094
3354.23,20.0094
3355.23,20.0094
3356.23,20.0093
3357.23,20.0093
3358.23,20.0093
3359.23,20.0092
3360.23,20.0092
3361.23,20.0092
3362.23,20.0091
3363.23,20.0091
3364.23,20.0091
3365.23,20.009
3366.23,20.009
3367.23,20.009
3368.23,20.0089
3369.23,20.0089
3370.23,20.0089
3371.23,20.0088
3372.23,20.0088
3373.23,20.0088
3374.23,20.0087
3375.23,20.0087
3376.23,20.0087
3377.23,20.0086
3378.23,20.0086
3379.23,20.0086
3380.23,20.0086
3381.23,20.0085
3382.23,20.0085
3383.23,20.0085
3384.23,20.0084
3385.23,20.0084
3386.23,20.0084
3387.23,20.0083
3388.23,20.0083
3389.23,20.0083
3390.23,20.0083
3391.23,20.0082
3392.23,20.0082
3393.23,20.0082
3394.23,20.0081
3395.23,20.0081
3396.23,20.0081
3397.23,20.0081
3398.23,20.008
3399.23,20.008
3400.23,20.008
3401.23,20.0079
3402.23,20.0079
3403.23,20.0079
3404.23,20.0079
3405.23,20.0078
3406.23,20.0078
3407.23,20.0078
3408.23,20.0077
3409.23,20.0077
3410.23,20.0077
3411.23,20.0077
3412.23,20.0076
3413.23,20.0076
3414.23,20.0076
3415.23,20.0076
3416.23,20.0075
3417.23,20.0075
3418.23,20.0075
3419.23,20.0074
3420.23,20.0074
3421.23,20.0074
3422.23,20.0074
3423.23,20.0073
3424.23,20.0073
3425.23,20.0073
3426.23,20.0073
3427.23,20.0072
3428.23,20.0072
3429.23,20.0072
3430.23,20.0072
3431.23,20.0071
3432.23,20.0071
3433.23,20.0071
3434.23,20.0071
3435.23,20.007
3436.23,20.007
3437.23,20.007
3438.23,20.007
3439.23,20.0069
3440.23,20.0069
3441.23,20.0069
3442.23,20.0069
3443.23,20.0068
3444.23,20.0068
3445.23,20.0068
3446.23,20.0068
3447.23,20.0067
3448.23,20.0067
3449.23,20.0067
3450.23,20.0067
3451.23,20.0066
3452.23,20.0066
3453.23,20.0066
3454.23,20.0066
3455.23,20.0065
3456.23,20.0065
3457.23,20.0065
3458.23,20.0065
3459.23,20.0065
3460.23,20.0064
3461.23,20.0064
3462.23,20.0064
3463.23,20.0064
3464.23,20.0063
3465.23,20.0063
3466.23,20.0063
3467.23,20.0063
3468.23,20.0062
3469.23,20.0062
3470.23,20.0062
3471.23,20.0062
3472.23,20.0062
3473.23,20.0061
3474.23,20.0061
3475.23,20.0061
3476.23,20.0061
3477.23,20.0061
3478.23,20.006
3479.23,20.006
3480.23,20.006
3481.23,20.006
3482.23,20.0059
3483.23,20.0059
3484.23,20.0059
3485.23,20.0059
3486.23,20.0059
3487.23,20.0058
3488.23,20.0058
3489.23,20.0058
3490.23,20.0058
3491.23,20.0058
3492.23,20.0057
3493.23,20.0057
3494.23,20.0057
3495.23,20.0057
3496.23,20.0057
3497.23,20.0056
3498.23,20.0056
3499.23,20.0056
3500.23,20.0056
3501.23,20.0056
3502.23,20.0055
3503.23,20.0055
3504.23,20.0055
3505.23,20.0055
3506.23,20.0055
3507.23,20.0054
3508.23,20.0054
3509.23,20.0054
3510.23,20.0054
3511.23,20.0054
3512.23,20.0053
3513.23,20.0053
3514.23,20.0053
3515.23,20.0053
3516.23,20.0053
3517.23,20.0052
3518.23,20.0052
3519.23,20.0052
3520.23,20.0052
3521.23,20.0052
3522.23,20.0051
3523.23,20.0051
3524.23,20.0051
3525.23,20.0051
3526.23,20.0051
3527.23,20.0051
3528.23,20.005
3529.23,20.005
3530.23,20.005
3531.23,20.005
3532.23,20.005
3533.23,20.005
3534.23,20.0049
3535.23,20.0049
3536.23,20.0049
3537.23,20.0049
3538.23,20.0049
3539.23,20.0048
3540.23,20.0048
3541.23,20.0048
3542.23,20.0048
3543.23,20.0048
3544.23,20.0048
3545.23,20.0047
3546.23,20.0047
3547.23,20.0047
3548.23,20.0047
3549.23,20.0047
3550.23,20.0047
3551.23,20.0046
3552.23,20.0046
3553.23,20.0046
3554.23,20.0046
3555.23,20.0046
3556.23,20.0046
3557.23,20.0045
3558.23,20.0045
3559.23,20.0045
3560.23,20.0045
3561.23,20.0045
3562.23,20.0045
3563.23,20.0044
3564.23,20.0044
3565.23,20.0044
3566.23,20.0044
3567.23,20.0044
3568.23,20.0044
3569.23,20.0044
3570.23,20.0043
3571.23,20.0043
3572.23,20.0043
3573.23,20.0043
3574.23,20.0043
3575.23,20.0043
3576.23,20.0042
3577.23,20.0042
3578.23,20.0042
3579.23,20.0042
3580.23,20.0042
3581.23,20.0042
3582.23,20.0042
3583.23,20.0041
3584.23,20.0041
3585.23,20.0041
3586.23,20.0041
3587.23,20.0041
3588.23,20.0041
3589.23,20.0041
3590.23,20.004
3591.23,20.004
3592.23,20.004
3593.23,20.004
3594.23,20.004
3595.23,20.004
3596.23,20.004
3597.23,20.0039
3598.23,20.0039
3599.23,20.0039
3600.23,20.0039
3601.23,20.0039
3602.23,20.0039
3603.23,20.0039
3604.23,20.0038
3605.23,20.0038
3606.23,20.0038
3607.23,20.0038
3608.23,20.0038
3609.23,20.0038
3610.23,20.0038
3611.23,20.0037
3612.23,20.0037
3613.23,20.0037
3614.23,20.0037
3615.23,20.0037
3616.23,20.0037
3617.23,20.0037
3618.23,20.0037
3619.23,20.0036
3620.23,20.0036
3621.23,20.0036
3622.23,20.0036
3623.23,20.0036
3624.23,20.0036
3625.23,20.0036
3626.23,20.0036
3627.23,20.0035
3628.23,20.0035
3629.23,20.0035
3630.23,20.0035
3631.23,20.0035
3632.23,20.0035
3633.23,20.0035
3634.23,20.0035
3635.23,20.0034
3636.23,20.0034
3637.23,20.0034
3638.23,20.0034
3639.23,20.0034
3640.23,20.0034
3641.23,20.0034
3642.23,20.0034
3643.23,20.0033
3644.23,20.0033
3645.23,20.0033
3646.23,20.0033
3647.23,20.0033
3648.23,20.0033
3649.23,20.0033
3650.23,20.0033
3651.23,20.0032
3652.23,20.0032
3653.23,20.0032
3654.23,20.0032
3655.23,20.0032
3656.23,20.0032
3657.23,20.0032
3658.23,20.0032
3659.23,20.0032
3660.23,20.0031
3661.23,20.0031
3662.23,20.0031
3663.23,20.0031
3664.23,20.0031
3665.23,20.0031
3666.23,20.0031
3667.23,20.0031
3668.23,20.0031
3669.23,20.003
3670.23,20.003
3671.23,20.003
3672.23,20.003
3673.23,20.003
3674.23,20.003
3675.23,20.003
3676.23,20.003
3677.23,20.003
3678.23,20.0029
3679.23,20.0029
3680.23,20.0029
3681.23,20.0029
3682.23,20.0029
3683.23,20.0029
3684.23,20.0029
3685.23,20.0029
3686.23,20.0029
3687.23,20.0029
3688.23,20.0028
3689.23,20.0028
3690.23,20.0028
3691.23,20.0028
3692.23,20.0028
3693.23,20.0028
3694.23,20.0028
3695.23,20.0028
3696.23,20.0028
3697.23,20.0028
3698.23,20.0027
3699.23,20.0027
3700.23,20.0027
3701.23,20.0027
3702.23,20.0027
3703.23,20.0027
3704.23,20.0027
3705.23,20.0027
3706.23,20.0027
3707.23,20.0027
3708.23,20.0026
3709.23,20.0026
3710.23,20.0026
3711.23,20.0026
3712.23,20.0026
3713.23,20.0026
3714.23,20.0026
3715.23,20.0026
3716.23,20.0026
3717.23,20.0026
3718.23,20.0026
3719.23,20.0025
3720.23,20.0025
3721.23,20.0025
3722.23,20.0025
3723.23,20.0025
3724.23,20.0025
3725.23,20.0025
3726.23,20.0025
3727.23,20.0025
3728.23,20.0025
3729.23,20.0025
3730.23,20.0024
3731.23,20.0024
3732.23,20.0024
3733.23,20.0024
3734.23,20.0024
3735.23,20.0024
3736.23,20.0024
3737.23,20.0024
3738.23,20.0024
3739.23,20.0024
3740.23,20.0024
3741.23,20.0024
3742.23,20.0023
3743.23,20.0023
3744.23,20.0023
3745.23,20.0023
3746.23,20.0023
3747.23,20.0023
3748.23,20.0023
3749.23,20.0023
3750.23,20.0023
3751.23,20.0023
3752.23,20.0023
3753.23,20.0023
3754.23,20.0022
3755.23,20.0022
3756.23,20.0022
3757.23,20.0022
3758.23,20.0022
3759.23,20.0022
3760.23,20.0022
3761.23,20.0022
3762.23,20.0022
3763.23,20.0022
3764.23,20.0022
3765.23,20.0022
3766.23,20.0022
3767.23,20.0021
3768.23,20.0021
3769.23,20.0021
3770.23,20.0021
3771.23,20.0021
3772.23,20.0021
3773.23,20.0021
3774.23,20.0021
3775.23,20.0021
3776.23,20.0021
3777.23,20.0021
3778.23,20.0021
3779.23,20.0021
3780.23,20.002
3781.23,20.002
3782.23,20.002
3783.23,20.002
3784.23,20.002
3785.23,20.002
3786.23,20.002
3787.23,20.002
3788.23,20.002
3789.23,20.002
3790.23,20.002
3791.23,20.002
3792.23,20.002
3793.23,20.002
3794.23,20.0019
3795.23,20.0019
3796.23,20.0019
3797.23,20.0019
3798.23,20.0019
3799.23,20.0019
3800.23,20.0019
3801.23,20.0019
3802.23,20.0019
3803.23,20.0019
3804.23,20.0019
3805.23,20.0019
3806.23,20.0019
3807.23,20.0019
3808.23,20.0019
3809.23,20.0018
3810.23,20.0018
3811.23,20.0018
3812.23,20.0018
3813.23,20.0018
3814.23,20.0018
3815.23,20.0018
3816.23,20.0018
3817.23,20.0018
3818.23,20.0018
3819.23,20.0018
3820.23,20.0018
3821.23,20.0018
3822.23,20.0018
3823.23,20.0018
3824.23,20.0017
3825.23,20.0017
3826.23,20.0017
3827.23,20.0017
3828.23,20.0017
3829.23,20.0017
3830.23,20.0017
3831.23,20.0017
3832.23,20.0017
3833.23,20.0017
3834.23,20.0017
3835.23,20.0017
3836.23,20.0017
3837.23,20.0017
3838.23,20.0017
3839.23,20.0017
3840.23,20.0017
3841.23,20.0016
3842.23,20.0016
3843.23,20.0016
3844.23,20.0016
3845.23,20.0016
3846.23,20.0016
3847.23,20.0016
3848.23,20.0016
3849.23,20.0016
3850.23,20.0016
3851.23,20.0016
3852.23,20.0016
3853.23,20.0016
3854.23,20.0016
3855.23,20.0016
3856.23,20.0016
3857.23,20.0016
3858.23,20.0015
3859.23,20.0015
3860.23,20.0015
3861.23,20.0015
3862.23,20.0015
3863.23,20.0015
3864.23,20.0015
3865.23,20.0015
3866.23,20.0015
3867.23,20.0015
3868.23,20.0015
3869.23,20.0015
3870.23,20.0015
3871.23,20.0015
3872.23,20.0015
3873.23,20.0015
3874.23,20.0015
3875.23,20.0015
3876.23,20.0015
3877.23,20.0014
3878.23,20.0014
3879.23,20.0014
3880.23,20.0014
3881.23,20.0014
3882.23,20.0014
3883.23,20.0014
3884.23,20.0014
3885.23,20.0014
3886.23,20.0014
3887.23,20.0014
3888.23,20.0014
3889.23,20.0014
3890.23,20.0014
3891.23,20.0014
3892.23,20.0014
3893.23,20.0014
3894.23,20.0014
3895.23,20.0014
3896.23,20.0014
3897.23,20.0013
3898.23,20.0013
3899.23,20.0013
3900.23,20.0013
3901.23,20.0013
3902.23,20.0013
3903.23,20.0013
3904.23,20.0013
3905.23,20.0013
3906.23,20.0013
3907.23,20.0013
3908.23,20.0013
3909.23,20.0013
3910.23,20.0013
3911.23,20.0013
3912.23,20.0013
3913.23,20.0013
3914.23,20.0013
3915.23,20.0013
3916.23,20.0013
3917.23,20.0013
3918.23,20.0012
3919.23,20.0012
3920.23,20.0012
3921.23,20.0012
3922.23,20.0012
3923.23,20.0012
3924.23,20.0012
3925.23,20.0012
3926.23,20.0012
3927.23,20.0012
3928.23,20.0012
3929.23,20.0012
3930.23,20.0012
3931.23,20.0012
3932.23,20.0012
3933.23,20.0012
3934.23,20.0012
3935.23,20.0012
3936.23,20.0012
3937.23,20.0012
3938.23,20.0012
3939.23,20.0012
3940.23,20.0012
3941.23,20.0012
3942.23,20.0011
3943.23,20.0011
3944.23,20.0011
3945.23,20.0011
3946.23,20.0011
3947.23,20.0011
3948.23,20.0011
3949.23,20.0011
3950.23,20.0011
3951.23,20.0011
3952.23,20.0011
3953.23,20.0011
3954.23,20.0011
3955.23,20.0011
3956.23,20.0011
3957.23,20.0011
3958.23,20.0011
3959.23,20.0011
3960.23,20.0011
3961.23,20.0011
3962.23,20.0011
3963.23,20.0011
3964.23,20.0011
3965.23,20.0011
3966.23,20.0011
3967.23,20.001
3968.23,20.001
3969.23,20.001
3970.23,20.001
3971.23,20.001
3972.23,20.001
3973.23,20.001
3974.23,20.001
3975.23,20.001
3976.23,20.001
3977.23,20.001
3978.23,20.001
3979.23,20.001
3980.23,20.001
3981.23,20.001
3982.23,20.001
3983.23,20.001
3984.23,20.001
3985.23,20.001
3986.23,20.001
3987.23,20.001
3988.23,20.001
3989.23,20.001
3990.23,20.001
3991.23,20.001
3992.23,20.001
3993.23,20.001
3994.23,20.001
3995.23,20.0009
3996.23,20.0009
3997.23,20.0009
3998.23,20.0009
3999.23,20.0009
4000,20.0009
