50.8179,184.182
50.8531,324.788
50.8882,463.142
50.9234,563.305
50.9585,606.899
50.9937,668.125
51.0288,779.182
51.064,834.57
51.0991,843.439
51.1343,811.263
51.1694,598.134
51.2046,624.895
51.2397,641.506
51.2749,670.933
51.31,683.899
51.3452,678.747
51.3803,663.807
51.4155,645.303
51.4506,637.621
51.4858,631.072
51.5209,622.616
51.5561,613.494
51.5912,604.775
51.6264,597.117
51.6615,590.188
51.6967,583.893
51.7318,577.725
51.767,571.462
51.8021,564.851
51.8373,557.719
51.8724,550.414
51.9076,542.709
51.9427,516.084
51.9779,494.644
52.013,477.149
52.0482,462.373
52.0833,448.673
52.1185,436.085
52.1536,424.55
52.1888,414.018
52.2239,404.404
52.2591,396.038
52.2943,388.884
52.3294,382.529
52.3646,376.6
52.3997,370.469
52.4349,364.351
52.47,358.336
52.5051,352.498
52.5403,346.861
52.5755,341.429
52.6106,336.165
52.6458,331.087
52.6809,326.194
52.7161,321.498
52.7512,317.028
52.7864,312.751
52.8215,308.661
52.8567,304.746
52.8918,301.006
52.927,297.43
52.9621,294.007
52.9973,290.729
53.0324,287.596
53.0676,284.593
53.1027,281.719
53.1379,278.969
53.173,276.332
53.2082,273.804
53.2433,271.376
53.2785,269.045
53.3136,266.799
53.3488,264.633
53.3839,262.543
53.4191,260.526
53.4542,258.578
53.4894,256.696
53.5245,254.879
53.5597,253.122
53.5948,251.422
53.63,249.777
53.6651,248.182
53.7003,246.636
53.7354,245.136
53.7706,243.679
53.8057,242.266
53.8409,240.893
53.876,239.558
53.9112,238.261
53.9463,236.999
53.9815,235.771
54.0166,234.575
54.0518,233.41
54.0869,232.275
54.1221,231.167
54.1572,230.086
54.1924,229.032
54.2275,228.003
54.2627,226.997
54.2978,226.015
54.333,225.055
54.3681,224.116
54.4033,223.2
54.4384,222.303
54.4736,221.425
54.5087,220.566
54.5439,219.726
54.579,218.903
54.6142,218.096
54.6493,217.306
54.6845,216.532
54.7196,215.772
54.7548,215.026
54.7899,214.295
54.8251,213.577
54.8602,212.872
54.8954,212.18
54.9305,211.501
54.9657,210.834
55.0008,210.178
55.036,209.534
55.0711,208.901
55.1063,208.279
55.1414,207.668
55.1766,207.067
55.2117,206.475
55.2469,205.893
55.282,205.32
55.3172,204.756
55.3523,204.201
55.3875,203.655
55.4226,203.116
55.4578,202.585
55.4929,202.062
55.5281,201.547
55.5632,201.038
55.5984,200.537
55.6335,200.042
55.6687,199.554
55.7038,199.073
55.739,198.597
55.7741,198.128
55.8093,197.665
55.8444,197.207
55.8796,196.755
55.9147,196.308
55.9499,195.867
55.985,195.431
56.0202,195.001
56.0553,194.575
56.0905,194.155
56.1256,193.739
56.1608,193.328
56.1959,192.922
56.2311,192.52
56.2662,192.123
56.3014,191.73
56.3365,191.341
56.3717,190.957
56.4068,190.576
56.442,190.199
56.4771,189.826
56.5123,189.457
56.5474,189.091
56.5826,188.728
56.6177,188.369
56.6529,188.013
56.688,187.66
56.7232,187.31
56.7583,186.963
56.7935,186.619
56.8286,186.278
56.8638,185.94
56.8989,185.605
56.9341,185.273
56.9692,184.943
57.0044,184.617
57.0395,184.293
57.0747,183.972
57.1098,183.653
57.145,183.337
57.1801,183.024
57.2153,182.714
57.2504,182.405
57.2856,182.1
57.3207,181.797
57.3559,181.496
57.391,181.197
57.4262,180.901
57.4613,180.607
57.4965,180.315
57.5316,180.026
57.5668,179.738
57.6019,179.453
57.6371,179.17
57.6722,178.888
57.7074,178.609
57.7425,178.332
57.7777,178.057
57.8128,177.783
57.848,177.512
57.8831,177.242
57.9183,176.975
57.9534,176.709
57.9886,176.445
58.0238,176.183
58.0589,175.923
58.0941,175.664
58.1292,175.407
58.1644,175.151
58.1995,174.898
58.2347,174.646
58.2698,174.395
58.305,174.146
58.3401,173.899
58.3753,173.653
58.4104,173.408
58.4456,173.165
58.4807,172.924
58.5159,172.684
58.551,172.445
58.5862,172.208
58.6213,171.973
58.6565,171.738
58.6916,171.505
58.7268,171.274
58.7619,171.043
58.7971,170.814
58.8322,170.586
58.8674,170.36
58.9025,170.135
58.9377,169.911
58.9728,169.688
59.008,169.466
59.0431,169.246
59.0783,169.026
59.1134,168.808
59.1486,168.591
59.1837,168.376
59.2189,168.161
59.254,167.948
59.2892,167.735
59.3243,167.524
59.3595,167.315
59.3946,167.106
59.4298,166.899
59.4649,166.693
59.5001,166.489
59.5352,166.286
59.5704,166.084
59.6055,165.883
59.6407,165.684
59.6758,165.487
59.711,165.291
59.7461,165.097
59.7813,164.904
59.8164,164.713
59.8516,164.524
59.8867,164.337
59.9219,164.152
59.957,163.969
59.9922,163.789
60.0273,163.611
60.0625,163.435
60.0976,163.263
60.1328,163.094
60.1679,162.929
60.2031,162.768
60.2382,162.612
60.2734,162.462
60.3085,162.319
60.3437,162.184
60.3788,162.06
60.414,161.947
60.4491,161.846
60.4843,161.758
60.5194,161.684
60.5546,161.624
60.5897,161.574
60.6249,161.534
60.66,161.505
60.6952,161.491
60.7303,161.498
60.7655,161.535
60.8006,161.614
60.8358,161.741
60.8709,161.922
60.9061,162.174
60.9412,162.614
60.9764,163.293
61.0115,164.231
61.0467,165.424
61.0818,166.812
61.117,168.339
61.1521,169.902
61.1873,171.466
61.2224,172.893
61.2576,173.582
61.2927,173.904
61.3279,174.057
61.363,174.448
61.3982,175.293
61.4333,176.983
61.4685,179.952
61.5036,183.955
61.5388,188.335
61.5739,199.307
61.6091,257.122
61.6442,319.488
61.6794,382.775
61.7145,443.919
61.7497,496.31
61.7848,535.594
61.82,546.416
61.8551,545.133
61.8903,506.448
61.9254,545.293
61.9606,552.444
61.9957,557.128
62.0309,560.055
62.066,561.188
62.1012,560.374
62.1363,557.886
62.1715,553.997
62.2066,548.756
62.2418,539.521
62.2769,513.13
62.3121,492.199
62.3472,476.529
62.3824,465.154
62.4175,456.44
62.4527,449.004
62.4878,442.001
62.523,434.83
62.5581,427.029
62.5933,419.908
62.6284,413.459
62.6636,407.446
62.6987,401.818
62.7339,396.672
62.769,391.041
62.8042,385.261
62.8393,379.552
62.8745,374.027
62.9096,368.679
62.9448,363.539
62.9799,358.586
63.0151,353.85
63.0502,349.285
63.0854,344.575
63.1205,339.899
63.1557,335.322
63.1908,330.89
63.226,326.622
63.2611,322.517
63.2963,318.58
63.3314,314.795
63.3666,311.156
63.4017,307.664
63.4369,304.307
63.472,301.071
63.5072,297.944
63.5424,294.919
63.5775,291.99
63.6127,289.154
63.6478,286.417
63.683,283.775
63.7181,281.226
63.7533,278.765
63.7884,276.389
63.8236,274.098
63.8587,271.888
63.8939,269.757
63.929,267.7
63.9642,265.713
63.9993,263.793
64.0345,261.936
64.0696,260.141
64.1048,258.403
64.1399,256.72
64.1751,255.092
64.2102,253.514
64.2454,251.984
64.2805,250.5
64.3157,249.059
64.3508,247.661
64.386,246.302
64.4211,244.982
64.4563,243.699
64.4914,242.45
64.5266,241.235
64.5617,240.052
64.5969,238.899
64.632,237.776
64.6584,236.95
64.6847,236.14
64.7111,235.345
64.7375,234.566
64.7638,233.8
64.7902,233.049
64.8166,232.311
64.8429,231.587
64.8693,230.875
64.8956,230.175
64.922,229.488
64.9484,228.812
64.955,228.644
64.9615,228.476
64.9681,228.31
64.9747,228.144
64.9846,227.896
64.9945,227.651
65.0044,227.406
65.0143,227.164
65.0242,226.923
65.034,226.683
65.0439,226.445
65.0538,226.209
65.0637,225.974
65.0736,225.74
65.0835,225.508
65.0934,225.278
65.1032,225.049
65.1131,224.821
65.123,224.595
65.1329,224.37
65.1428,224.146
65.1527,223.924
65.1626,223.704
65.1724,223.484
65.1873,223.158
65.2021,222.835
65.2169,222.514
65.2392,222.04
65.2614,221.571
65.2837,221.109
65.3059,220.652
65.3281,220.201
65.3504,219.756
65.3726,219.317
65.3949,218.884
65.4171,218.456
65.4394,218.033
65.4616,217.615
65.4839,217.203
65.5061,216.796
65.5283,216.394
65.5506,215.997
65.5728,215.605
65.5951,215.218
65.6173,214.835
65.6396,214.458
65.6618,214.086
65.684,213.718
65.7063,213.356
65.7285,212.999
65.7508,212.646
65.773,212.299
65.7953,211.957
65.8175,211.62
65.8398,211.288
65.8731,210.804
65.9065,210.333
65.9398,209.875
65.9732,209.431
66.0066,209.001
66.0399,208.588
66.0733,208.192
66.1067,207.814
66.14,207.457
66.1734,207.122
66.2068,206.808
66.2401,206.518
66.2735,206.249
66.3069,206.002
66.3402,205.785
66.3736,205.605
66.407,205.472
66.4403,205.392
66.4737,205.37
66.5071,205.407
66.5404,205.501
66.5738,205.647
66.6072,205.836
66.6405,206.051
66.6739,206.313
66.7073,206.625
66.7406,206.987
66.774,207.398
66.8074,207.858
66.8407,208.362
66.8741,208.902
66.9074,209.483
66.9408,210.107
66.9742,210.758
67.0075,211.548
67.0409,212.509
67.0743,213.65
67.1076,214.956
67.141,216.394
67.1744,217.899
67.2077,219.373
67.2411,220.788
67.2745,222.138
67.3078,223.406
67.3412,224.653
67.3746,225.86
67.4079,227.024
67.4413,228.157
67.4747,229.272
67.508,230.385
67.5414,231.496
67.5748,232.614
67.6081,233.738
67.6415,234.856
67.6748,235.969
67.7082,237.024
67.7416,238.02
67.7749,238.974
67.8083,239.906
67.8417,240.833
67.875,241.753
67.9084,242.659
67.9418,243.538
67.9751,244.365
68.0085,245.135
68.0419,245.839
68.0752,246.483
68.1086,247.074
68.142,247.618
68.1753,248.117
68.2087,248.569
68.2421,248.972
68.2754,249.32
68.3088,249.609
68.3422,249.84
68.3755,250.015
68.4089,250.137
68.4422,250.211
68.4756,250.24
68.509,250.229
68.5423,250.18
68.5757,250.096
68.6091,249.977
68.6424,249.826
68.6758,249.646
68.7092,249.439
68.7425,249.207
68.7759,248.953
68.8093,248.677
68.8426,248.381
68.876,248.067
68.9094,247.736
68.9427,247.389
68.9761,247.027
69.0095,246.652
69.0428,246.265
69.0762,245.867
69.1096,245.459
69.1429,245.039
69.1763,244.61
69.2096,244.171
69.243,243.724
69.2764,243.27
69.3097,242.809
69.3431,242.343
69.3765,241.872
69.4098,241.396
69.4432,240.917
69.4766,240.435
69.5099,239.95
69.5433,239.464
69.5767,238.977
69.61,238.489
69.6434,238
69.6768,237.512
69.7101,237.024
69.7435,236.536
69.7769,236.049
69.8102,235.563
69.8436,235.078
69.877,234.595
69.9103,234.114
69.9437,233.634
69.9771,233.157
70.0104,232.682
70.0438,232.21
70.0771,231.739
70.1105,231.271
70.1439,230.806
70.1772,230.343
70.2106,229.884
70.244,229.427
70.2773,228.974
70.3107,228.523
70.3441,228.076
70.3774,227.632
70.4108,227.191
70.4442,226.753
70.4775,226.319
70.5109,225.888
70.5443,225.46
70.5776,225.036
70.611,224.615
70.6444,224.197
70.6777,223.783
70.7111,223.372
70.7445,222.964
70.7778,222.559
70.8112,222.158
70.8446,221.76
70.8779,221.365
70.9113,220.973
70.9446,220.584
70.978,220.198
71.0114,219.816
71.0447,219.436
71.0781,219.06
71.1115,218.686
71.1448,218.316
71.1782,217.949
71.2116,217.584
71.2449,217.223
71.2783,216.864
71.3117,216.507
71.345,216.154
71.3784,215.803
71.4118,215.454
71.4451,215.109
71.4785,214.765
71.5119,214.424
71.5452,214.086
71.5786,213.75
71.612,213.417
71.6453,213.085
71.6787,212.757
71.7121,212.43
71.7454,212.106
71.7788,211.785
71.8121,211.465
71.8455,211.148
71.8789,210.833
71.9122,210.521
71.9456,210.21
71.979,209.902
72.0123,209.596
72.0457,209.292
72.0791,208.989
72.1124,208.689
72.1458,208.391
72.1792,208.095
72.2125,207.801
72.2459,207.509
72.2793,207.219
72.3126,206.93
72.346,206.644
72.3794,206.359
72.4127,206.076
72.4461,205.795
72.4795,205.515
72.5128,205.237
72.5462,204.961
72.5796,204.687
72.6129,204.414
72.6463,204.143
72.6796,203.873
72.713,203.605
72.7464,203.338
72.7797,203.073
72.8131,202.81
72.8465,202.548
72.8798,202.287
72.9132,202.028
72.9466,201.77
72.9799,201.514
73.0133,201.259
73.0467,201.005
73.08,200.753
73.1134,200.502
73.1468,200.252
73.1801,200.004
73.2135,199.757
73.2469,199.511
73.2802,199.266
73.3136,199.023
73.347,198.78
73.3803,198.539
73.4137,198.3
73.4471,198.061
73.4804,197.824
73.5138,197.587
73.5471,197.352
73.5805,197.118
73.6139,196.885
73.6472,196.654
73.6806,196.423
73.714,196.193
73.7473,195.965
73.7807,195.738
73.8141,195.512
73.8474,195.287
73.8808,195.063
73.9142,194.84
73.9475,194.618
73.9809,194.397
74.0143,194.177
74.0476,193.958
74.081,193.741
74.1144,193.524
74.1477,193.308
74.1811,193.093
74.2145,192.879
74.2478,192.666
74.2812,192.453
74.3145,192.242
74.3479,192.032
74.3813,191.822
74.4146,191.614
74.448,191.406
74.4814,191.2
74.5147,190.994
74.5481,190.789
74.5815,190.584
74.6148,190.381
74.6482,190.178
74.6816,189.977
74.7149,189.776
74.7483,189.575
74.7817,189.376
74.815,189.177
74.8484,188.979
74.8818,188.782
74.9151,188.585
74.9485,188.389
74.9819,188.194
75.0152,188
75.0486,187.806
75.0819,187.613
75.1153,187.421
75.1487,187.23
75.182,187.039
75.2154,186.849
75.2488,186.66
75.2821,186.472
75.3155,186.284
75.3489,186.097
75.3822,185.91
75.4156,185.725
75.449,185.54
75.4823,185.356
75.5157,185.172
75.5491,184.989
75.5824,184.807
75.6158,184.626
75.6492,184.446
75.6825,184.266
75.7159,184.087
75.7493,183.908
75.7826,183.731
75.816,183.554
75.8493,183.378
75.8827,183.203
75.9161,183.029
75.9494,182.856
75.9828,182.683
76.0162,182.512
76.0495,182.341
76.0829,182.172
76.1163,182.003
76.1496,181.835
76.183,181.668
76.2164,181.503
76.2497,181.338
76.2831,181.175
76.3165,181.013
76.3498,180.853
76.3832,180.693
76.4166,180.536
76.4499,180.38
76.4833,180.225
76.5167,180.073
76.55,179.922
76.5834,179.773
76.6168,179.627
76.6501,179.483
76.6835,179.341
76.7169,179.202
76.7502,179.066
76.7836,178.933
76.8169,178.804
76.8503,178.677
76.8837,178.555
76.917,178.436
76.9504,178.322
76.9838,178.213
77.0171,178.108
77.0505,178.009
77.0839,177.914
77.1172,177.825
77.1506,177.743
77.184,177.666
77.2173,177.596
77.2507,177.533
77.2841,177.477
77.3174,177.43
77.3508,177.391
77.3842,177.36
77.4175,177.338
77.4509,177.325
77.4843,177.321
77.5176,177.327
77.551,177.342
77.5844,177.367
77.6177,177.401
77.6511,177.446
77.6844,177.501
77.7178,177.566
77.7512,177.642
77.7845,177.73
77.8179,177.83
77.8513,177.944
77.8846,178.07
77.918,178.209
77.9514,178.361
77.9847,178.524
78.0181,178.697
78.0515,178.882
78.0848,179.076
78.1182,179.279
78.1516,179.492
78.1849,179.713
78.2183,179.942
78.2517,180.18
78.285,180.426
78.3184,180.679
78.3518,180.941
78.3851,181.21
78.4185,181.487
78.4519,181.771
78.4852,182.06
78.5186,182.355
78.5519,182.655
78.5853,182.96
78.6187,183.269
78.652,183.582
78.6854,183.899
78.7188,184.219
78.7521,184.543
78.7855,184.867
78.8189,185.194
78.8522,185.52
78.8856,185.847
78.919,186.173
78.9523,186.499
78.9857,186.823
79.0191,187.144
79.0524,187.463
79.0858,187.779
79.1192,188.091
79.1525,188.399
79.1859,188.702
79.2193,189.001
79.2526,189.294
79.286,189.582
79.3194,189.864
79.3527,190.14
79.3861,190.41
79.4194,190.674
79.4528,190.931
79.4862,191.182
79.5195,191.425
79.5529,191.662
79.5863,191.892
79.6196,192.115
79.653,192.331
79.6864,192.54
79.7197,192.742
79.7531,192.936
79.7865,193.124
79.8198,193.304
79.8532,193.477
79.8866,193.642
79.9199,193.801
79.9533,193.953
79.9867,194.097
80.02,194.235
80.0534,194.366
80.0868,194.49
80.1201,194.608
80.1535,194.719
80.1868,194.824
80.2202,194.923
80.2536,195.015
80.2869,195.102
80.3203,195.182
80.3537,195.257
80.387,195.326
80.4204,195.39
80.4538,195.448
80.4871,195.502
80.5205,195.55
80.5539,195.593
80.5872,195.631
80.6206,195.665
80.654,195.694
80.6873,195.719
80.7207,195.739
80.7541,195.755
80.7874,195.767
80.8208,195.775
80.8542,195.779
80.8875,195.779
80.9209,195.776
80.9542,195.769
80.9876,195.759
81.021,195.745
81.0543,195.728
81.0877,195.708
81.1211,195.685
81.1544,195.659
81.1878,195.63
81.2212,195.599
81.2545,195.564
81.2879,195.527
81.3213,195.488
81.3546,195.446
81.388,195.401
81.4214,195.354
81.4547,195.306
81.4881,195.254
81.5215,195.201
81.5548,195.146
81.5882,195.089
81.6216,195.03
81.6549,194.969
81.6883,194.907
81.7216,194.843
81.755,194.777
81.7884,194.71
81.8217,194.641
81.8551,194.571
81.8885,194.499
81.9218,194.426
81.9552,194.352
81.9886,194.276
82.0219,194.2
82.0553,194.122
82.0887,194.043
82.122,193.963
82.1554,193.883
82.1888,193.801
82.2221,193.719
82.2555,193.636
82.2889,193.552
82.3222,193.468
82.3556,193.383
82.389,193.298
82.4223,193.212
82.4557,193.126
82.4891,193.04
82.5224,192.954
82.5558,192.868
82.5891,192.782
82.6225,192.696
82.6559,192.611
82.6892,192.525
82.7226,192.44
82.756,192.356
82.7893,192.272
82.8227,192.189
82.8561,192.106
82.8894,192.025
82.9228,191.944
82.9562,191.864
82.9895,191.786
83.0229,191.709
83.0563,191.632
83.0896,191.558
83.123,191.485
83.1564,191.413
83.1897,191.343
83.2231,191.274
83.2565,191.208
83.2898,191.143
83.3232,191.08
83.3566,191.02
83.3899,190.961
83.4233,190.904
83.4566,190.85
83.49,190.798
83.5234,190.748
83.5567,190.701
83.5901,190.656
83.6235,190.614
83.6568,190.573
83.6902,190.536
83.7236,190.501
83.7569,190.468
83.7903,190.438
83.8237,190.41
83.857,190.385
83.8904,190.363
83.9238,190.343
83.9571,190.326
83.9905,190.311
84.0239,190.299
84.0572,190.289
84.0906,190.282
84.124,190.277
84.1573,190.275
84.1907,190.275
84.2241,190.277
84.2574,190.282
84.2908,190.289
84.3242,190.298
84.3575,190.31
84.3909,190.323
84.4242,190.339
84.4576,190.356
84.491,190.375
84.5243,190.396
84.5577,190.419
84.5911,190.443
84.6244,190.469
84.6578,190.496
84.6912,190.525
84.7245,190.555
84.7579,190.586
84.7913,190.619
84.8246,190.652
84.858,190.686
84.8914,190.721
84.9247,190.757
84.9581,190.794
84.9915,190.832
85.0248,190.869
85.0582,190.908
85.0916,190.946
85.1249,190.985
85.1583,191.025
85.1917,191.064
85.225,191.104
85.2584,191.143
85.2917,191.182
85.3251,191.222
85.3585,191.261
85.3918,191.299
85.4252,191.338
85.4586,191.376
85.4919,191.413
85.5253,191.45
85.5587,191.487
85.592,191.523
85.6254,191.558
85.6588,191.592
85.6921,191.626
85.7255,191.659
85.7589,191.691
85.7922,191.722
85.8256,191.752
85.859,191.781
85.8923,191.809
85.9257,191.837
85.9591,191.863
85.9924,191.888
86.0258,191.912
86.0591,191.935
86.0925,191.956
86.1259,191.977
86.1592,191.996
86.1926,192.014
86.226,192.031
86.2593,192.047
86.2927,192.061
86.3261,192.074
86.3594,192.086
86.3928,192.097
86.4262,192.106
86.4595,192.114
86.4929,192.121
86.5263,192.127
86.5596,192.131
86.593,192.134
86.6264,192.136
86.6597,192.136
86.6931,192.135
86.7265,192.133
86.7598,192.13
86.7932,192.125
86.8265,192.119
86.8599,192.112
86.8933,192.103
86.9266,192.094
86.96,192.083
86.9934,192.071
87.0267,192.057
87.0601,192.043
87.0935,192.027
87.1268,192.01
87.1602,191.992
87.1936,191.972
87.2269,191.952
87.2603,191.93
87.2937,191.908
87.327,191.884
87.3604,191.859
87.3938,191.833
87.4271,191.806
87.4605,191.777
87.4939,191.748
87.5272,191.718
87.5606,191.686
87.5939,191.654
87.6273,191.621
87.6607,191.586
87.694,191.551
87.7274,191.514
87.7608,191.477
87.7941,191.439
87.8275,191.4
87.8609,191.359
87.8942,191.318
87.9276,191.276
87.961,191.233
87.9943,191.19
88.0277,191.145
88.0611,191.1
88.0944,191.053
88.1278,191.006
88.1612,190.958
88.1945,190.91
88.2279,190.86
88.2613,190.81
88.2946,190.759
88.328,190.707
88.3614,190.654
88.3947,190.601
88.4281,190.547
88.4614,190.492
88.4948,190.437
88.5282,190.381
88.5615,190.324
88.5949,190.267
88.6283,190.209
88.6616,190.15
88.695,190.091
88.7284,190.031
88.7617,189.97
88.7951,189.909
88.8285,189.847
88.8618,189.785
88.8952,189.722
88.9286,189.658
88.9619,189.594
88.9953,189.53
89.0287,189.465
89.062,189.399
89.0954,189.333
89.1288,189.266
89.1621,189.199
89.1955,189.132
89.2289,189.064
89.2622,188.995
89.2956,188.926
89.3289,188.857
89.3623,188.787
89.3957,188.716
89.429,188.646
89.4624,188.575
89.4958,188.503
89.5291,188.431
89.5625,188.359
89.5959,188.286
89.6292,188.213
89.6626,188.139
89.696,188.065
89.7293,187.991
89.7627,187.916
89.7961,187.841
89.8294,187.766
89.8628,187.69
89.8962,187.614
89.9295,187.538
89.9629,187.461
89.9963,187.384
90.0296,187.307
90.063,187.229
90.0964,187.151
90.1297,187.073
90.1631,186.995
90.1964,186.916
90.2298,186.837
90.2632,186.758
90.2965,186.679
90.3299,186.599
90.3633,186.519
90.3966,186.438
90.43,186.358
90.4634,186.277
90.4967,186.196
90.5301,186.115
90.5635,186.033
90.5968,185.952
90.6302,185.87
90.6636,185.788
90.6969,185.705
90.7303,185.623
90.7637,185.54
90.797,185.457
90.8304,185.374
90.8638,185.291
90.8971,185.208
90.9305,185.124
90.9639,185.041
90.9972,184.957
91.0306,184.873
91.0639,184.789
91.0973,184.705
91.1307,184.62
91.164,184.536
91.1974,184.451
91.2308,184.367
91.2641,184.282
91.2975,184.197
91.3309,184.112
91.3642,184.026
91.3976,183.941
91.431,183.856
91.4643,183.77
91.4977,183.685
91.5311,183.599
91.5644,183.514
91.5978,183.428
91.6312,183.342
91.6645,183.256
91.6979,183.17
91.7313,183.084
91.7646,182.998
91.798,182.912
91.8314,182.826
91.8647,182.739
91.8981,182.653
91.9314,182.567
91.9648,182.48
91.9982,182.394
92.0315,182.308
92.0649,182.221
92.0983,182.135
92.1316,182.048
92.165,181.962
92.1984,181.876
92.2317,181.789
92.2651,181.703
92.2985,181.616
92.3318,181.53
92.3652,181.444
92.3986,181.358
92.4319,181.271
92.4653,181.185
92.4987,181.099
92.532,181.013
92.5654,180.927
92.5988,180.841
92.6321,180.755
92.6655,180.67
92.6988,180.584
92.7322,180.498
92.7656,180.413
92.7989,180.328
92.8323,180.243
92.8657,180.158
92.899,180.073
92.9324,179.988
92.9658,179.903
92.9991,179.819
93.0325,179.735
93.0659,179.651
93.0992,179.567
93.1326,179.484
93.166,179.401
93.1993,179.318
93.2327,179.235
93.2661,179.153
93.2994,179.071
93.3328,178.989
93.3662,178.908
93.3995,178.827
93.4329,178.746
93.4662,178.666
93.4996,178.586
93.533,178.506
93.5663,178.427
93.5997,178.349
93.6331,178.271
93.6664,178.193
93.6998,178.116
93.7332,178.04
93.7665,177.964
93.7999,177.889
93.8333,177.814
93.8666,177.74
93.9,177.666
93.9334,177.594
93.9667,177.521
94.0001,177.45
94.0335,177.379
94.0668,177.31
94.1002,177.241
94.1336,177.172
94.1669,177.105
94.2003,177.038
94.2337,176.973
94.267,176.908
94.3004,176.844
94.3337,176.781
94.3671,176.719
94.4005,176.658
94.4338,176.598
94.4672,176.539
94.5006,176.481
94.5339,176.424
94.5673,176.368
94.6007,176.313
94.634,176.259
94.6674,176.206
94.7008,176.155
94.7341,176.104
94.7675,176.055
94.8009,176.007
94.8342,175.96
94.8676,175.914
94.901,175.87
94.9343,175.826
94.9677,175.784
95.0011,175.743
95.0344,175.703
95.0678,175.665
95.1012,175.628
95.1345,175.592
95.1679,175.557
95.2012,175.523
95.2346,175.491
95.268,175.46
95.3013,175.43
95.3347,175.401
95.3681,175.374
95.4014,175.347
95.4348,175.322
95.4682,175.299
95.5015,175.276
95.5349,175.255
95.5683,175.234
95.6016,175.215
95.635,175.197
95.6684,175.18
95.7017,175.165
95.7351,175.15
95.7685,175.137
95.8018,175.124
95.8352,175.113
95.8686,175.103
95.9019,175.093
95.9353,175.085
95.9687,175.078
96.002,175.071
96.0354,175.066
96.0687,175.062
96.1021,175.058
96.1355,175.055
96.1688,175.054
96.2022,175.053
96.2356,175.053
96.2689,175.053
96.3023,175.055
96.3357,175.057
96.369,175.06
96.4024,175.064
96.4358,175.068
96.4691,175.073
96.5025,175.079
96.5359,175.085
96.5692,175.092
96.6026,175.099
96.636,175.107
96.6693,175.115
96.7027,175.124
96.7361,175.134
96.7694,175.144
96.8028,175.154
96.8362,175.165
96.8695,175.176
96.9029,175.187
96.9362,175.199
96.9696,175.211
97.003,175.223
97.0363,175.236
97.0697,175.249
97.1031,175.262
97.1364,175.275
97.1698,175.289
97.2032,175.302
97.2365,175.316
97.2866,175.337
97.3617,175.369
97.4743,175.417
97.6432,175.489
97.8965,175.587
98.2766,175.702
98.8467,175.772
99.7018,175.614
100.702,175.085
101.702,174.263
102.702,173.21
103.702,171.986
104.702,170.644
105.702,169.226
106.702,167.766
107.702,166.292
108.452,165.194
109.202,164.12
109.764,163.336
110.327,162.584
110.889,161.875
111.452,161.218
112.014,160.621
112.577,160.087
113.139,159.616
113.702,159.205
114.264,158.849
114.827,158.538
115.389,158.266
115.952,158.023
116.514,157.801
117.077,157.594
117.639,157.397
118.202,157.209
118.764,157.031
119.327,156.871
119.889,156.745
120.452,156.671
121.014,156.67
121.577,156.755
122.139,156.936
122.702,157.209
123.264,157.564
123.827,157.989
124.389,158.484
124.952,159.064
125.514,159.758
126.077,160.6
126.639,161.606
127.202,162.764
127.764,164.032
128.327,165.357
128.889,166.685
129.452,167.958
130.014,169.137
130.577,170.199
131.139,171.132
131.702,171.932
132.264,172.602
132.827,173.148
133.389,173.583
133.952,173.931
134.514,174.236
135.077,174.582
135.639,175.111
136.202,175.994
136.764,177.341
137.327,179.135
137.889,181.229
138.452,183.409
139.014,185.484
139.577,187.365
140.139,189.108
140.702,191.065
141.264,193.884
141.827,198.065
142.389,203.321
142.952,208.653
143.514,213.248
144.077,216.674
144.639,218.922
145.202,220.192
145.764,220.729
146.327,220.738
146.889,220.377
147.452,219.76
148.014,218.963
148.577,218.045
149.139,217.048
149.702,216.021
150.264,215.072
150.827,214.519
151.389,215.641
151.952,222.136
152.514,238.335
153.077,255.305
153.639,265.558
154.202,269.136
154.764,268.314
155.327,265.27
155.889,261.594
156.452,259.009
157.014,263.39
157.577,291.648
158.139,579.623
158.702,550.864
159.264,466.792
159.827,407.939
160.389,366.475
160.952,338.762
161.514,319.63
162.077,305.81
162.639,295.385
163.202,287.171
163.764,280.46
164.327,274.808
164.889,269.941
165.452,265.658
166.014,261.872
166.577,258.678
167.139,256.908
167.702,261.139
168.264,295.622
168.827,525.681
169.389,512.733
169.952,446.485
170.514,400.446
171.077,365.416
171.639,340.526
172.202,322.954
172.764,311.175
173.327,306.915
173.889,313.75
174.452,327.732
175.014,338.067
175.577,340.367
176.139,337.05
176.702,330.854
177.264,323.683
177.827,316.538
178.389,309.849
178.952,303.756
179.514,298.256
180.077,293.284
180.639,288.766
181.202,284.635
181.764,280.841
182.327,277.368
182.889,274.284
183.452,271.818
184.014,270.569
184.577,271.213
185.139,273.732
185.702,277.196
186.264,280.398
186.827,282.612
187.389,283.681
187.952,283.761
188.514,283.114
189.077,282.049
189.639,280.911
190.202,279.996
190.764,279.47
191.327,279.315
191.889,279.382
192.452,279.486
193.014,279.48
193.577,279.276
194.139,278.84
194.702,278.176
195.264,277.308
195.827,276.268
196.389,275.09
196.952,273.804
197.514,272.439
198.077,271.021
198.639,269.575
199.202,268.128
199.764,266.724
200.327,265.419
200.889,264.28
201.452,263.363
202.014,262.696
202.577,262.271
203.139,262.048
203.702,261.966
204.264,261.96
204.827,261.971
205.389,261.95
206.233,261.745
207.233,261.195
208.233,260.343
209.233,259.225
210.233,257.896
211.233,256.408
212.233,254.812
213.233,253.147
214.233,251.447
215.233,249.747
216.233,248.093
217.233,246.537
218.233,245.126
219.233,243.884
220.233,242.81
221.233,241.882
222.233,241.066
223.233,240.327
224.233,239.638
225.233,238.993
226.233,238.424
227.233,237.997
228.233,237.774
229.233,237.775
230.233,237.979
231.233,238.393
232.233,239.107
233.233,240.209
234.233,241.648
235.233,243.246
236.233,244.795
237.233,246.137
238.233,247.191
239.233,247.937
240.233,248.409
241.233,248.748
242.233,249.347
243.233,250.793
244.233,253.199
245.233,256.004
246.233,258.616
247.233,261.262
248.233,265.755
249.233,272.781
250.233,279.513
251.233,283.947
252.233,285.976
253.233,286.275
254.233,285.519
255.233,284.169
256.233,282.53
257.233,281.118
258.233,282.71
259.233,298.511
260.233,319.678
261.233,327.452
262.233,325.689
263.233,322.269
264.233,347.543
265.233,512.048
266.233,474.721
267.233,424.977
268.233,387.543
269.233,363.952
270.233,348.21
271.233,336.918
272.233,328.315
273.233,321.773
274.233,320.413
275.233,382.761
276.233,499.895
277.233,457.262
278.233,411.459
279.233,381.652
280.233,370.035
281.233,382.615
282.233,390.917
283.233,387.24
284.233,377.786
285.233,367.364
286.233,357.742
287.233,349.302
288.233,341.99
289.233,335.713
290.233,330.94
291.233,329.661
292.233,332.539
293.233,336.012
294.233,337.631
295.233,337.224
296.233,335.79
297.233,334.543
298.233,333.937
299.233,333.619
300.233,333.109
301.233,332.147
302.233,330.7
303.233,328.853
304.233,326.709
305.233,324.387
306.233,322.039
307.233,319.888
308.233,318.18
309.233,317.024
310.233,316.335
311.233,315.911
312.233,315.539
313.233,315.06
314.233,314.382
315.233,313.476
316.233,312.346
317.233,311.02
318.233,309.536
319.233,307.931
320.233,306.239
321.233,304.493
322.233,302.731
323.233,301
324.233,299.352
325.233,297.832
326.233,296.463
327.233,295.245
328.233,294.158
329.233,293.173
330.233,292.258
331.233,291.389
332.233,290.565
333.233,289.815
334.233,289.197
335.233,288.761
336.233,288.521
337.233,288.464
338.233,288.609
339.233,289.038
340.233,289.807
341.233,290.853
342.233,292.018
343.233,293.133
344.233,294.076
345.233,294.781
346.233,295.232
347.233,295.461
348.233,295.609
349.233,296.057
350.233,297.29
351.233,299.295
352.233,301.567
353.233,303.691
354.233,306.082
355.233,310.473
356.233,316.823
357.233,322.63
358.233,326.413
359.233,328.127
360.233,328.316
361.233,327.549
362.233,326.243
363.233,324.687
364.233,323.459
365.233,326.075
366.233,342.433
367.233,359.504
368.233,365.323
369.233,363.651
370.233,361.588
371.233,397.338
372.233,481.785
373.233,471.583
374.233,443.909
375.233,416.719
376.233,397.426
377.233,383.788
378.233,373.682
379.233,365.811
380.233,359.835
381.233,359.898
382.233,422.865
383.233,474.169
384.233,459.653
385.233,431.442
386.233,409.764
387.233,403.484
388.233,414.77
389.233,420.017
390.233,416.574
391.233,408.387
392.233,399.192
393.233,390.584
394.233,382.984
395.233,376.343
396.233,370.638
397.233,366.483
398.233,365.767
399.233,368.402
400.233,371.293
401.233,372.522
402.233,371.998
403.233,370.633
404.233,369.462
405.233,368.818
406.233,368.402
407.233,367.816
408.233,366.842
409.233,365.447
410.233,363.693
411.233,361.678
412.233,359.505
413.233,357.308
414.233,355.291
415.233,353.66
416.233,352.498
417.233,351.738
418.233,351.219
419.233,350.764
420.233,350.234
421.233,349.544
422.233,348.659
423.233,347.578
424.233,346.318
425.233,344.908
426.233,343.378
427.233,341.756
428.233,340.067
429.233,338.334
430.233,336.575
431.233,334.807
432.233,333.038
433.233,331.276
434.233,329.528
435.233,327.801
436.233,326.101
437.233,324.429
438.233,322.785
439.233,321.17
440.233,319.584
441.233,318.026
442.233,316.496
443.233,314.994
444.233,313.521
445.233,312.08
446.233,310.666
447.233,309.278
448.233,307.912
449.233,306.57
450.233,305.251
451.233,303.954
452.233,302.679
453.233,301.423
454.233,300.185
455.233,298.964
456.233,297.76
457.233,296.572
458.233,295.401
459.233,294.245
460.233,293.105
461.233,291.978
462.233,290.864
463.233,289.763
464.233,288.673
465.233,287.595
466.233,286.529
467.233,285.473
468.233,284.428
469.233,283.393
470.233,282.368
471.233,281.352
472.233,280.345
473.233,279.347
474.233,278.358
475.233,277.377
476.233,276.404
477.233,275.439
478.233,274.484
479.233,273.538
480.233,272.599
481.233,271.667
482.233,270.743
483.233,269.826
484.233,268.916
485.233,268.011
486.233,267.113
487.233,266.221
488.233,265.334
489.233,264.453
490.233,263.577
491.233,262.707
492.233,261.841
493.233,260.98
494.233,260.124
495.233,259.272
496.233,258.425
497.233,257.583
498.233,256.745
499.233,255.913
500.233,255.085
501.233,254.262
502.233,253.444
503.233,252.63
504.233,251.82
505.233,251.015
506.233,250.213
507.233,249.415
508.233,248.621
509.233,247.831
510.233,247.045
511.233,246.262
512.233,245.483
513.233,244.708
514.233,243.936
515.233,243.168
516.233,242.403
517.233,241.641
518.233,240.882
519.233,240.127
520.233,239.376
521.233,238.627
522.233,237.882
523.233,237.141
524.233,236.403
525.233,235.668
526.233,234.936
527.233,234.208
528.233,233.482
529.233,232.759
530.233,232.039
531.233,231.321
532.233,230.606
533.233,229.893
534.233,229.183
535.233,228.476
536.233,227.771
537.233,227.069
538.233,226.369
539.233,225.672
540.233,224.978
541.233,224.286
542.233,223.597
543.233,222.91
544.233,222.226
545.233,221.544
546.233,220.864
547.233,220.187
548.233,219.512
549.233,218.84
550.233,218.171
551.233,217.504
552.233,216.839
553.233,216.176
554.233,215.515
555.233,214.856
556.233,214.2
557.233,213.545
558.233,212.893
559.233,212.243
560.233,211.595
561.233,210.949
562.233,210.305
563.233,209.663
564.233,209.023
565.233,208.386
566.233,207.751
567.233,207.118
568.233,206.488
569.233,205.86
570.233,205.234
571.233,204.61
572.233,203.989
573.233,203.37
574.233,202.754
575.233,202.14
576.233,201.528
577.233,200.918
578.233,200.31
579.233,199.704
580.233,199.1
581.233,198.498
582.233,197.897
583.233,197.299
584.233,196.703
585.233,196.108
586.233,195.516
587.233,194.925
588.233,194.336
589.233,193.75
590.233,193.165
591.233,192.583
592.233,192.004
593.233,191.427
594.233,190.852
595.233,190.28
596.233,189.71
597.233,189.142
598.233,188.576
599.233,188.011
600.233,187.449
601.233,186.889
602.233,186.33
603.233,185.772
604.233,185.216
605.233,184.663
606.233,184.11
607.233,183.56
608.233,183.012
609.233,182.465
610.233,181.92
611.233,181.377
612.233,180.835
613.233,180.295
614.233,179.757
615.233,179.22
616.233,178.685
617.233,178.152
618.233,177.62
619.233,177.09
620.233,176.562
621.233,176.036
622.233,175.511
623.233,174.988
624.233,174.467
625.233,173.948
626.233,173.43
627.233,172.915
628.233,172.401
629.233,171.89
630.233,171.38
631.233,170.873
632.233,170.367
633.233,169.863
634.233,169.36
635.233,168.859
636.233,168.359
637.233,167.861
638.233,167.365
639.233,166.871
640.233,166.378
641.233,165.888
642.233,165.399
643.233,164.913
644.233,164.428
645.233,163.945
646.233,163.463
647.233,162.983
648.233,162.504
649.233,162.026
650.233,161.55
651.233,161.075
652.233,160.602
653.233,160.13
654.233,159.66
655.233,159.192
656.233,158.726
657.233,158.261
658.233,157.798
659.233,157.337
660.233,156.877
661.233,156.419
662.233,155.962
663.233,155.507
664.233,155.053
665.233,154.6
666.233,154.149
667.233,153.699
668.233,153.251
669.233,152.804
670.233,152.359
671.233,151.915
672.233,151.473
673.233,151.033
674.233,150.594
675.233,150.156
676.233,149.72
677.233,149.285
678.233,148.852
679.233,148.42
680.233,147.989
681.233,147.56
682.233,147.132
683.233,146.705
684.233,146.281
685.233,145.857
686.233,145.436
687.233,145.016
688.233,144.597
689.233,144.181
690.233,143.765
691.233,143.351
692.233,142.938
693.233,142.527
694.233,142.116
695.233,141.707
696.233,141.299
697.233,140.892
698.233,140.487
699.233,140.083
700.233,139.679
701.233,139.277
702.233,138.877
703.233,138.477
704.233,138.079
705.233,137.683
706.233,137.287
707.233,136.892
708.233,136.499
709.233,136.107
710.233,135.716
711.233,135.326
712.233,134.937
713.233,134.55
714.233,134.163
715.233,133.778
716.233,133.394
717.233,133.011
718.233,132.629
719.233,132.249
720.233,131.87
721.233,131.492
722.233,131.116
723.233,130.741
724.233,130.367
725.233,129.995
726.233,129.624
727.233,129.254
728.233,128.886
729.233,128.519
730.233,128.153
731.233,127.789
732.233,127.425
733.233,127.063
734.233,126.702
735.233,126.343
736.233,125.984
737.233,125.626
738.233,125.269
739.233,124.912
740.233,124.557
741.233,124.203
742.233,123.85
743.233,123.498
744.233,123.147
745.233,122.797
746.233,122.448
747.233,122.101
748.233,121.754
749.233,121.41
750.233,121.066
751.233,120.724
752.233,120.383
753.233,120.043
754.233,119.704
755.233,119.366
756.233,119.03
757.233,118.694
758.233,118.36
759.233,118.027
760.233,117.694
761.233,117.363
762.233,117.034
763.233,116.705
764.233,116.377
765.233,116.051
766.233,115.725
767.233,115.401
768.233,115.078
769.233,114.755
770.233,114.434
771.233,114.114
772.233,113.796
773.233,113.478
774.233,113.161
775.233,112.845
776.233,112.531
777.233,112.217
778.233,111.905
779.233,111.593
780.233,111.283
781.233,110.974
782.233,110.666
783.233,110.359
784.233,110.052
785.233,109.747
786.233,109.443
787.233,109.14
788.233,108.838
789.233,108.537
790.233,108.236
791.233,107.937
792.233,107.638
793.233,107.34
794.233,107.044
795.233,106.748
796.233,106.453
797.233,106.159
798.233,105.866
799.233,105.574
800.233,105.283
801.233,104.993
802.233,104.704
803.233,104.416
804.233,104.128
805.233,103.841
806.233,103.555
807.233,103.27
808.233,102.985
809.233,102.702
810.233,102.419
811.233,102.138
812.233,101.857
813.233,101.577
814.233,101.298
815.233,101.02
816.233,100.743
817.233,100.467
818.233,100.192
819.233,99.9178
820.233,99.6444
821.233,99.3719
822.233,99.1002
823.233,98.8294
824.233,98.5596
825.233,98.2906
826.233,98.0226
827.233,97.7554
828.233,97.4892
829.233,97.2239
830.233,96.9595
831.233,96.696
832.233,96.4334
833.233,96.1717
834.233,95.9108
835.233,95.6507
836.233,95.3915
837.233,95.133
838.233,94.8753
839.233,94.6183
840.233,94.362
841.233,94.1064
842.233,93.8516
843.233,93.5976
844.233,93.3443
845.233,93.0917
846.233,92.84
847.233,92.589
848.233,92.3388
849.233,92.0895
850.233,91.8409
851.233,91.5932
852.233,91.3463
853.233,91.1003
854.233,90.8551
855.233,90.6108
856.233,90.3672
857.233,90.1245
858.233,89.8825
859.233,89.6413
860.233,89.401
861.233,89.1613
862.233,88.9225
863.233,88.6844
864.233,88.4471
865.233,88.2105
866.233,87.9747
867.233,87.7396
868.233,87.5052
869.233,87.2715
870.233,87.0385
871.233,86.8062
872.233,86.5747
873.233,86.3438
874.233,86.1137
875.233,85.8842
876.233,85.6555
877.233,85.4275
878.233,85.2003
879.233,84.9737
880.233,84.7479
881.233,84.5228
882.233,84.2986
883.233,84.0751
884.233,83.8524
885.233,83.6306
886.233,83.4095
887.233,83.1892
888.233,82.9697
889.233,82.7509
890.233,82.533
891.233,82.3158
892.233,82.0993
893.233,81.8836
894.233,81.6687
895.233,81.4545
896.233,81.241
897.233,81.0283
898.233,80.8163
899.233,80.605
900.233,80.3944
901.233,80.1846
902.233,79.9754
903.233,79.767
904.233,79.5592
905.233,79.3522
906.233,79.1459
907.233,78.9402
908.233,78.7353
909.233,78.531
910.233,78.3273
911.233,78.1243
912.233,77.9218
913.233,77.72
914.233,77.5187
915.233,77.318
916.233,77.1179
917.233,76.9184
918.233,76.7194
919.233,76.5211
920.233,76.3233
921.233,76.1261
922.233,75.9295
923.233,75.7336
924.233,75.5382
925.233,75.3434
926.233,75.1493
927.233,74.9557
928.233,74.7629
929.233,74.5707
930.233,74.3791
931.233,74.1883
932.233,73.9981
933.233,73.8086
934.233,73.6198
935.233,73.4317
936.233,73.2442
937.233,73.0574
938.233,72.8713
939.233,72.6858
940.233,72.5009
941.233,72.3167
942.233,72.1331
943.233,71.9502
944.233,71.7679
945.233,71.5862
946.233,71.4051
947.233,71.2245
948.233,71.0446
949.233,70.8652
950.233,70.6864
951.233,70.5081
952.233,70.3305
953.233,70.1534
954.233,69.9769
955.233,69.801
956.233,69.6256
957.233,69.4509
958.233,69.2767
959.233,69.1031
960.233,68.9301
961.233,68.7577
962.233,68.5858
963.233,68.4146
964.233,68.2439
965.233,68.0738
966.233,67.9043
967.233,67.7354
968.233,67.5672
969.233,67.3995
970.233,67.2324
971.233,67.0658
972.233,66.8998
973.233,66.7343
974.233,66.5694
975.233,66.405
976.233,66.2411
977.233,66.0777
978.233,65.9149
979.233,65.7527
980.233,65.5909
981.233,65.4297
982.233,65.269
983.233,65.1088
984.233,64.9492
985.233,64.7901
986.233,64.6315
987.233,64.4734
988.233,64.3158
989.233,64.1588
990.233,64.0023
991.233,63.8463
992.233,63.6908
993.233,63.5359
994.233,63.3815
995.233,63.2277
996.233,63.0744
997.233,62.9216
998.233,62.7694
999.233,62.6177
1000.23,62.4665
1001.23,62.3158
1002.23,62.1656
1003.23,62.016
1004.23,61.8669
1005.23,61.7183
1006.23,61.5702
1007.23,61.4226
1008.23,61.2756
1009.23,61.129
1010.23,60.9829
1011.23,60.8374
1012.23,60.6923
1013.23,60.5477
1014.23,60.4036
1015.23,60.26
1016.23,60.1169
1017.23,59.9743
1018.23,59.8321
1019.23,59.6904
1020.23,59.5492
1021.23,59.4084
1022.23,59.2681
1023.23,59.1283
1024.23,58.989
1025.23,58.8501
1026.23,58.7117
1027.23,58.5737
1028.23,58.4362
1029.23,58.2992
1030.23,58.1626
1031.23,58.0265
1032.23,57.8909
1033.23,57.7557
1034.23,57.6209
1035.23,57.4866
1036.23,57.3528
1037.23,57.2194
1038.23,57.0865
1039.23,56.9541
1040.23,56.8221
1041.23,56.6906
1042.23,56.5596
1043.23,56.429
1044.23,56.2989
1045.23,56.1693
1046.23,56.0401
1047.23,55.9114
1048.23,55.7832
1049.23,55.6554
1050.23,55.5281
1051.23,55.4013
1052.23,55.2748
1053.23,55.1489
1054.23,55.0234
1055.23,54.8983
1056.23,54.7737
1057.23,54.6495
1058.23,54.5257
1059.23,54.4024
1060.23,54.2795
1061.23,54.157
1062.23,54.0349
1063.23,53.9133
1064.23,53.792
1065.23,53.6712
1066.23,53.5508
1067.23,53.4308
1068.23,53.3112
1069.23,53.192
1070.23,53.0732
1071.23,52.9549
1072.23,52.837
1073.23,52.7194
1074.23,52.6023
1075.23,52.4856
1076.23,52.3693
1077.23,52.2533
1078.23,52.1378
1079.23,52.0227
1080.23,51.908
1081.23,51.7937
1082.23,51.6798
1083.23,51.5663
1084.23,51.4532
1085.23,51.3405
1086.23,51.2282
1087.23,51.1163
1088.23,51.0048
1089.23,50.8938
1090.23,50.7831
1091.23,50.6728
1092.23,50.5629
1093.23,50.4535
1094.23,50.3444
1095.23,50.2357
1096.23,50.1274
1097.23,50.0196
1098.23,49.912
1099.23,49.8049
1100.23,49.6982
1101.23,49.5919
1102.23,49.486
1103.23,49.3804
1104.23,49.2753
1105.23,49.1705
1106.23,49.0661
1107.23,48.9621
1108.23,48.8584
1109.23,48.7552
1110.23,48.6523
1111.23,48.5497
1112.23,48.4476
1113.23,48.3458
1114.23,48.2444
1115.23,48.1434
1116.23,48.0427
1117.23,47.9423
1118.23,47.8424
1119.23,47.7428
1120.23,47.6435
1121.23,47.5446
1122.23,47.4461
1123.23,47.3478
1124.23,47.2499
1125.23,47.1524
1126.23,47.0552
1127.23,46.9583
1128.23,46.8618
1129.23,46.7656
1130.23,46.6698
1131.23,46.5743
1132.23,46.4791
1133.23,46.3843
1134.23,46.2898
1135.23,46.1957
1136.23,46.1019
1137.23,46.0084
1138.23,45.9153
1139.23,45.8225
1140.23,45.73
1141.23,45.6379
1142.23,45.546
1143.23,45.4545
1144.23,45.3634
1145.23,45.2725
1146.23,45.182
1147.23,45.0919
1148.23,45.002
1149.23,44.9124
1150.23,44.8232
1151.23,44.7343
1152.23,44.6457
1153.23,44.5575
1154.23,44.4695
1155.23,44.3819
1156.23,44.2946
1157.23,44.2076
1158.23,44.1209
1159.23,44.0346
1160.23,43.9486
1161.23,43.8629
1162.23,43.7775
1163.23,43.6924
1164.23,43.6076
1165.23,43.5232
1166.23,43.439
1167.23,43.3552
1168.23,43.2716
1169.23,43.1884
1170.23,43.1054
1171.23,43.0228
1172.23,42.9405
1173.23,42.8584
1174.23,42.7767
1175.23,42.6952
1176.23,42.6141
1177.23,42.5332
1178.23,42.4526
1179.23,42.3723
1180.23,42.2923
1181.23,42.2126
1182.23,42.1332
1183.23,42.0541
1184.23,41.9752
1185.23,41.8967
1186.23,41.8184
1187.23,41.7404
1188.23,41.6627
1189.23,41.5852
1190.23,41.5081
1191.23,41.4312
1192.23,41.3546
1193.23,41.2782
1194.23,41.2022
1195.23,41.1264
1196.23,41.0509
1197.23,40.9756
1198.23,40.9006
1199.23,40.8259
1200.23,40.7515
1201.23,40.6773
1202.23,40.6033
1203.23,40.5297
1204.23,40.4562
1205.23,40.3831
1206.23,40.3102
1207.23,40.2375
1208.23,40.1651
1209.23,40.093
1210.23,40.0211
1211.23,39.9495
1212.23,39.8781
1213.23,39.807
1214.23,39.7362
1215.23,39.6655
1216.23,39.5952
1217.23,39.5251
1218.23,39.4552
1219.23,39.3856
1220.23,39.3162
1221.23,39.2471
1222.23,39.1783
1223.23,39.1096
1224.23,39.0413
1225.23,38.9731
1226.23,38.9053
1227.23,38.8376
1228.23,38.7702
1229.23,38.703
1230.23,38.6361
1231.23,38.5694
1232.23,38.503
1233.23,38.4368
1234.23,38.3708
1235.23,38.3051
1236.23,38.2396
1237.23,38.1743
1238.23,38.1093
1239.23,38.0445
1240.23,37.9799
1241.23,37.9156
1242.23,37.8515
1243.23,37.7876
1244.23,37.724
1245.23,37.6605
1246.23,37.5974
1247.23,37.5344
1248.23,37.4717
1249.23,37.4092
1250.23,37.3469
1251.23,37.2848
1252.23,37.223
1253.23,37.1614
1254.23,37.1
1255.23,37.0389
1256.23,36.978
1257.23,36.9173
1258.23,36.8568
1259.23,36.7965
1260.23,36.7365
1261.23,36.6766
1262.23,36.617
1263.23,36.5576
1264.23,36.4984
1265.23,36.4395
1266.23,36.3807
1267.23,36.3222
1268.23,36.2638
1269.23,36.2057
1270.23,36.1478
1271.23,36.0901
1272.23,36.0326
1273.23,35.9753
1274.23,35.9182
1275.23,35.8613
1276.23,35.8046
1277.23,35.7481
1278.23,35.6919
1279.23,35.6358
1280.23,35.5799
1281.23,35.5243
1282.23,35.4688
1283.23,35.4135
1284.23,35.3584
1285.23,35.3036
1286.23,35.2489
1287.23,35.1944
1288.23,35.1401
1289.23,35.086
1290.23,35.0321
1291.23,34.9784
1292.23,34.9249
1293.23,34.8716
1294.23,34.8184
1295.23,34.7655
1296.23,34.7128
1297.23,34.6602
1298.23,34.6078
1299.23,34.5556
1300.23,34.5036
1301.23,34.4518
1302.23,34.4002
1303.23,34.3487
1304.23,34.2975
1305.23,34.2464
1306.23,34.1955
1307.23,34.1448
1308.23,34.0943
1309.23,34.0439
1310.23,33.9938
1311.23,33.9438
1312.23,33.894
1313.23,33.8443
1314.23,33.7949
1315.23,33.7456
1316.23,33.6965
1317.23,33.6476
1318.23,33.5988
1319.23,33.5502
1320.23,33.5018
1321.23,33.4536
1322.23,33.4056
1323.23,33.3577
1324.23,33.31
1325.23,33.2624
1326.23,33.215
1327.23,33.1678
1328.23,33.1208
1329.23,33.0739
1330.23,33.0272
1331.23,32.9807
1332.23,32.9343
1333.23,32.8881
1334.23,32.8421
1335.23,32.7962
1336.23,32.7505
1337.23,32.705
1338.23,32.6596
1339.23,32.6144
1340.23,32.5693
1341.23,32.5245
1342.23,32.4797
1343.23,32.4352
1344.23,32.3907
1345.23,32.3465
1346.23,32.3024
1347.23,32.2584
1348.23,32.2147
1349.23,32.171
1350.23,32.1276
1351.23,32.0843
1352.23,32.0411
1353.23,31.9981
1354.23,31.9552
1355.23,31.9125
1356.23,31.87
1357.23,31.8276
1358.23,31.7854
1359.23,31.7433
1360.23,31.7013
1361.23,31.6595
1362.23,31.6179
1363.23,31.5764
1364.23,31.5351
1365.23,31.4939
1366.23,31.4528
1367.23,31.4119
1368.23,31.3712
1369.23,31.3306
1370.23,31.2901
1371.23,31.2498
1372.23,31.2096
1373.23,31.1696
1374.23,31.1297
1375.23,31.0899
1376.23,31.0503
1377.23,31.0109
1378.23,30.9715
1379.23,30.9324
1380.23,30.8933
1381.23,30.8544
1382.23,30.8157
1383.23,30.777
1384.23,30.7385
1385.23,30.7002
1386.23,30.662
1387.23,30.6239
1388.23,30.586
1389.23,30.5482
1390.23,30.5105
1391.23,30.4729
1392.23,30.4355
1393.23,30.3983
1394.23,30.3611
1395.23,30.3241
1396.23,30.2872
1397.23,30.2505
1398.23,30.2138
1399.23,30.1774
1400.23,30.141
1401.23,30.1048
1402.23,30.0687
1403.23,30.0327
1404.23,29.9968
1405.23,29.9611
1406.23,29.9255
1407.23,29.8901
1408.23,29.8547
1409.23,29.8195
1410.23,29.7844
1411.23,29.7495
1412.23,29.7146
1413.23,29.6799
1414.23,29.6453
1415.23,29.6109
1416.23,29.5765
1417.23,29.5423
1418.23,29.5082
1419.23,29.4742
1420.23,29.4404
1421.23,29.4066
1422.23,29.373
1423.23,29.3395
1424.23,29.3062
1425.23,29.2729
1426.23,29.2398
1427.23,29.2067
1428.23,29.1738
1429.23,29.1411
1430.23,29.1084
1431.23,29.0759
1432.23,29.0434
1433.23,29.0111
1434.23,28.9789
1435.23,28.9468
1436.23,28.9149
1437.23,28.883
1438.23,28.8513
1439.23,28.8196
1440.23,28.7881
1441.23,28.7567
1442.23,28.7254
1443.23,28.6942
1444.23,28.6632
1445.23,28.6322
1446.23,28.6014
1447.23,28.5706
1448.23,28.54
1449.23,28.5095
1450.23,28.4791
1451.23,28.4488
1452.23,28.4186
1453.23,28.3885
1454.23,28.3585
1455.23,28.3287
1456.23,28.2989
1457.23,28.2693
1458.23,28.2397
1459.23,28.2103
1460.23,28.1809
1461.23,28.1517
1462.23,28.1226
1463.23,28.0936
1464.23,28.0646
1465.23,28.0358
1466.23,28.0071
1467.23,27.9785
1468.23,27.95
1469.23,27.9216
1470.23,27.8933
1471.23,27.8651
1472.23,27.837
1473.23,27.809
1474.23,27.7811
1475.23,27.7533
1476.23,27.7256
1477.23,27.698
1478.23,27.6705
1479.23,27.643
1480.23,27.6157
1481.23,27.5885
1482.23,27.5614
1483.23,27.5344
1484.23,27.5075
1485.23,27.4807
1486.23,27.4539
1487.23,27.4273
1488.23,27.4008
1489.23,27.3743
1490.23,27.348
1491.23,27.3217
1492.23,27.2956
1493.23,27.2695
1494.23,27.2435
1495.23,27.2176
1496.23,27.1919
1497.23,27.1662
1498.23,27.1406
1499.23,27.115
1500.23,27.0896
1501.23,27.0643
1502.23,27.0391
1503.23,27.0139
1504.23,26.9889
1505.23,26.9639
1506.23,26.939
1507.23,26.9143
1508.23,26.8896
1509.23,26.865
1510.23,26.8404
1511.23,26.816
1512.23,26.7917
1513.23,26.7674
1514.23,26.7433
1515.23,26.7192
1516.23,26.6952
1517.23,26.6713
1518.23,26.6474
1519.23,26.6237
1520.23,26.6001
1521.23,26.5765
1522.23,26.553
1523.23,26.5296
1524.23,26.5063
1525.23,26.4831
1526.23,26.4599
1527.23,26.4368
1528.23,26.4139
1529.23,26.391
1530.23,26.3681
1531.23,26.3454
1532.23,26.3227
1533.23,26.3002
1534.23,26.2777
1535.23,26.2553
1536.23,26.2329
1537.23,26.2107
1538.23,26.1885
1539.23,26.1664
1540.23,26.1444
1541.23,26.1224
1542.23,26.1006
1543.23,26.0788
1544.23,26.0571
1545.23,26.0355
1546.23,26.0139
1547.23,25.9925
1548.23,25.9711
1549.23,25.9497
1550.23,25.9285
1551.23,25.9073
1552.23,25.8862
1553.23,25.8652
1554.23,25.8443
1555.23,25.8234
1556.23,25.8026
1557.23,25.7819
1558.23,25.7613
1559.23,25.7407
1560.23,25.7202
1561.23,25.6998
1562.23,25.6794
1563.23,25.6592
1564.23,25.639
1565.23,25.6188
1566.23,25.5988
1567.23,25.5788
1568.23,25.5589
1569.23,25.539
1570.23,25.5192
1571.23,25.4995
1572.23,25.4799
1573.23,25.4603
1574.23,25.4408
1575.23,25.4214
1576.23,25.4021
1577.23,25.3828
1578.23,25.3636
1579.23,25.3444
1580.23,25.3253
1581.23,25.3063
1582.23,25.2874
1583.23,25.2685
1584.23,25.2497
1585.23,25.2309
1586.23,25.2123
1587.23,25.1937
1588.23,25.1751
1589.23,25.1567
1590.23,25.1382
1591.23,25.1199
1592.23,25.1016
1593.23,25.0834
1594.23,25.0653
1595.23,25.0472
1596.23,25.0292
1597.23,25.0112
1598.23,24.9933
1599.23,24.9755
1600.23,24.9577
1601.23,24.94
1602.23,24.9224
1603.23,24.9048
1604.23,24.8873
1605.23,24.8699
1606.23,24.8525
1607.23,24.8352
1608.23,24.8179
1609.23,24.8007
1610.23,24.7836
1611.23,24.7665
1612.23,24.7495
1613.23,24.7325
1614.23,24.7156
1615.23,24.6988
1616.23,24.682
1617.23,24.6653
1618.23,24.6486
1619.23,24.632
1620.23,24.6155
1621.23,24.599
1622.23,24.5826
1623.23,24.5663
1624.23,24.55
1625.23,24.5337
1626.23,24.5175
1627.23,24.5014
1628.23,24.4853
1629.23,24.4693
1630.23,24.4534
1631.23,24.4375
1632.23,24.4216
1633.23,24.4058
1634.23,24.3901
1635.23,24.3744
1636.23,24.3588
1637.23,24.3433
1638.23,24.3278
1639.23,24.3123
1640.23,24.2969
1641.23,24.2816
1642.23,24.2663
1643.23,24.2511
1644.23,24.2359
1645.23,24.2208
1646.23,24.2057
1647.23,24.1907
1648.23,24.1757
1649.23,24.1608
1650.23,24.146
1651.23,24.1312
1652.23,24.1164
1653.23,24.1017
1654.23,24.0871
1655.23,24.0725
1656.23,24.058
1657.23,24.0435
1658.23,24.029
1659.23,24.0147
1660.23,24.0003
1661.23,23.9861
1662.23,23.9718
1663.23,23.9576
1664.23,23.9435
1665.23,23.9294
1666.23,23.9154
1667.23,23.9014
1668.23,23.8875
1669.23,23.8736
1670.23,23.8598
1671.23,23.846
1672.23,23.8323
1673.23,23.8186
1674.23,23.805
1675.23,23.7914
1676.23,23.7779
1677.23,23.7644
1678.23,23.751
1679.23,23.7376
1680.23,23.7242
1681.23,23.7109
1682.23,23.6977
1683.23,23.6845
1684.23,23.6713
1685.23,23.6582
1686.23,23.6452
1687.23,23.6322
1688.23,23.6192
1689.23,23.6063
1690.23,23.5934
1691.23,23.5806
1692.23,23.5678
1693.23,23.5551
1694.23,23.5424
1695.23,23.5297
1696.23,23.5171
1697.23,23.5046
1698.23,23.4921
1699.23,23.4796
1700.23,23.4672
1701.23,23.4548
1702.23,23.4425
1703.23,23.4302
1704.23,23.4179
1705.23,23.4057
1706.23,23.3936
1707.23,23.3815
1708.23,23.3694
1709.23,23.3574
1710.23,23.3454
1711.23,23.3334
1712.23,23.3215
1713.23,23.3097
1714.23,23.2979
1715.23,23.2861
1716.23,23.2744
1717.23,23.2627
1718.23,23.251
1719.23,23.2394
1720.23,23.2279
1721.23,23.2163
1722.23,23.2049
1723.23,23.1934
1724.23,23.182
1725.23,23.1707
1726.23,23.1593
1727.23,23.1481
1728.23,23.1368
1729.23,23.1256
1730.23,23.1145
1731.23,23.1034
1732.23,23.0923
1733.23,23.0812
1734.23,23.0702
1735.23,23.0593
1736.23,23.0484
1737.23,23.0375
1738.23,23.0266
1739.23,23.0158
1740.23,23.0051
1741.23,22.9944
1742.23,22.9837
1743.23,22.973
1744.23,22.9624
1745.23,22.9518
1746.23,22.9413
1747.23,22.9308
1748.23,22.9203
1749.23,22.9099
1750.23,22.8995
1751.23,22.8892
1752.23,22.8789
1753.23,22.8686
1754.23,22.8583
1755.23,22.8481
1756.23,22.838
1757.23,22.8278
1758.23,22.8178
1759.23,22.8077
1760.23,22.7977
1761.23,22.7877
1762.23,22.7777
1763.23,22.7678
1764.23,22.7579
1765.23,22.7481
1766.23,22.7383
1767.23,22.7285
1768.23,22.7188
1769.23,22.7091
1770.23,22.6994
1771.23,22.6898
1772.23,22.6802
1773.23,22.6706
1774.23,22.6611
1775.23,22.6516
1776.23,22.6421
1777.23,22.6327
1778.23,22.6233
1779.23,22.6139
1780.23,22.6046
1781.23,22.5953
1782.23,22.586
1783.23,22.5768
1784.23,22.5676
1785.23,22.5584
1786.23,22.5493
1787.23,22.5402
1788.23,22.5311
1789.23,22.5221
1790.23,22.5131
1791.23,22.5041
1792.23,22.4952
1793.23,22.4863
1794.23,22.4774
1795.23,22.4686
1796.23,22.4598
1797.23,22.451
1798.23,22.4422
1799.23,22.4335
1800.23,22.4248
1801.23,22.4162
1802.23,22.4075
1803.23,22.399
1804.23,22.3904
1805.23,22.3819
1806.23,22.3734
1807.23,22.3649
1808.23,22.3564
1809.23,22.348
1810.23,22.3397
1811.23,22.3313
1812.23,22.323
1813.23,22.3147
1814.23,22.3064
1815.23,22.2982
1816.23,22.29
1817.23,22.2818
1818.23,22.2737
1819.23,22.2656
1820.23,22.2575
1821.23,22.2494
1822.23,22.2414
1823.23,22.2334
1824.23,22.2254
1825.23,22.2175
1826.23,22.2096
1827.23,22.2017
1828.23,22.1938
1829.23,22.186
1830.23,22.1782
1831.23,22.1704
1832.23,22.1627
1833.23,22.1549
1834.23,22.1473
1835.23,22.1396
1836.23,22.132
1837.23,22.1243
1838.23,22.1168
1839.23,22.1092
1840.23,22.1017
1841.23,22.0942
1842.23,22.0867
1843.23,22.0793
1844.23,22.0718
1845.23,22.0644
1846.23,22.0571
1847.23,22.0497
1848.23,22.0424
1849.23,22.0351
1850.23,22.0279
1851.23,22.0206
1852.23,22.0134
1853.23,22.0062
1854.23,21.9991
1855.23,21.9919
1856.23,21.9848
1857.23,21.9777
1858.23,21.9707
1859.23,21.9636
1860.23,21.9566
1861.23,21.9496
1862.23,21.9427
1863.23,21.9358
1864.23,21.9288
1865.23,21.922
1866.23,21.9151
1867.23,21.9083
1868.23,21.9015
1869.23,21.8947
1870.23,21.8879
1871.23,21.8812
1872.23,21.8745
1873.23,21.8678
1874.23,21.8611
1875.23,21.8545
1876.23,21.8478
1877.23,21.8412
1878.23,21.8347
1879.23,21.8281
1880.23,21.8216
1881.23,21.8151
1882.23,21.8086
1883.23,21.8022
1884.23,21.7957
1885.23,21.7893
1886.23,21.7829
1887.23,21.7766
1888.23,21.7702
1889.23,21.7639
1890.23,21.7576
1891.23,21.7513
1892.23,21.7451
1893.23,21.7389
1894.23,21.7327
1895.23,21.7265
1896.23,21.7203
1897.23,21.7142
1898.23,21.7081
1899.23,21.702
1900.23,21.6959
1901.23,21.6898
1902.23,21.6838
1903.23,21.6778
1904.23,21.6718
1905.23,21.6658
1906.23,21.6599
1907.23,21.654
1908.23,21.6481
1909.23,21.6422
1910.23,21.6363
1911.23,21.6305
1912.23,21.6247
1913.23,21.6189
1914.23,21.6131
1915.23,21.6073
1916.23,21.6016
1917.23,21.5959
1918.23,21.5902
1919.23,21.5845
1920.23,21.5788
1921.23,21.5732
1922.23,21.5676
1923.23,21.562
1924.23,21.5564
1925.23,21.5509
1926.23,21.5453
1927.23,21.5398
1928.23,21.5343
1929.23,21.5289
1930.23,21.5234
1931.23,21.518
1932.23,21.5125
1933.23,21.5071
1934.23,21.5018
1935.23,21.4964
1936.23,21.4911
1937.23,21.4857
1938.23,21.4804
1939.23,21.4752
1940.23,21.4699
1941.23,21.4646
1942.23,21.4594
1943.23,21.4542
1944.23,21.449
1945.23,21.4438
1946.23,21.4387
1947.23,21.4336
1948.23,21.4284
1949.23,21.4233
1950.23,21.4183
1951.23,21.4132
1952.23,21.4082
1953.23,21.4031
1954.23,21.3981
1955.23,21.3931
1956.23,21.3882
1957.23,21.3832
1958.23,21.3783
1959.23,21.3734
1960.23,21.3685
1961.23,21.3636
1962.23,21.3587
1963.23,21.3539
1964.23,21.349
1965.23,21.3442
1966.23,21.3394
1967.23,21.3346
1968.23,21.3299
1969.23,21.3251
1970.23,21.3204
1971.23,21.3157
1972.23,21.311
1973.23,21.3063
1974.23,21.3016
1975.23,21.297
1976.23,21.2924
1977.23,21.2878
1978.23,21.2832
1979.23,21.2786
1980.23,21.274
1981.23,21.2695
1982.23,21.2649
1983.23,21.2604
1984.23,21.2559
1985.23,21.2514
1986.23,21.247
1987.23,21.2425
1988.23,21.2381
1989.23,21.2337
1990.23,21.2293
1991.23,21.2249
1992.23,21.2205
1993.23,21.2162
1994.23,21.2118
1995.23,21.2075
1996.23,21.2032
1997.23,21.1989
1998.23,21.1946
1999.23,21.1903
2000.23,21.1861
2001.23,21.1819
2002.23,21.1776
2003.23,21.1734
2004.23,21.1693
2005.23,21.1651
2006.23,21.1609
2007.23,21.1568
2008.23,21.1527
2009.23,21.1485
2010.23,21.1444
2011.23,21.1404
2012.23,21.1363
2013.23,21.1322
2014.23,21.1282
2015.23,21.1242
2016.23,21.1201
2017.23,21.1162
2018.23,21.1122
2019.23,21.1082
2020.23,21.1042
2021.23,21.1003
2022.23,21.0964
2023.23,21.0925
2024.23,21.0886
2025.23,21.0847
2026.23,21.0808
2027.23,21.077
2028.23,21.0731
2029.23,21.0693
2030.23,21.0655
2031.23,21.0617
2032.23,21.0579
2033.23,21.0541
2034.23,21.0503
2035.23,21.0466
2036.23,21.0428
2037.23,21.0391
2038.23,21.0354
2039.23,21.0317
2040.23,21.028
2041.23,21.0244
2042.23,21.0207
2043.23,21.0171
2044.23,21.0134
2045.23,21.0098
2046.23,21.0062
2047.23,21.0026
2048.23,20.9991
2049.23,20.9955
2050.23,20.9919
2051.23,20.9884
2052.23,20.9849
2053.23,20.9814
2054.23,20.9778
2055.23,20.9744
2056.23,20.9709
2057.23,20.9674
2058.23,20.964
2059.23,20.9605
2060.23,20.9571
2061.23,20.9537
2062.23,20.9503
2063.23,20.9469
2064.23,20.9435
2065.23,20.9401
2066.23,20.9368
2067.23,20.9334
2068.23,20.9301
2069.23,20.9268
2070.23,20.9235
2071.23,20.9202
2072.23,20.9169
2073.23,20.9136
2074.23,20.9104
2075.23,20.9071
2076.23,20.9039
2077.23,20.9007
2078.23,20.8974
2079.23,20.8942
2080.23,20.891
2081.23,20.8879
2082.23,20.8847
2083.23,20.8815
2084.23,20.8784
2085.23,20.8753
2086.23,20.8721
2087.23,20.869
2088.23,20.8659
2089.23,20.8628
2090.23,20.8598
2091.23,20.8567
2092.23,20.8536
2093.23,20.8506
2094.23,20.8475
2095.23,20.8445
2096.23,20.8415
2097.23,20.8385
2098.23,20.8355
2099.23,20.8325
2100.23,20.8296
2101.23,20.8266
2102.23,20.8236
2103.23,20.8207
2104.23,20.8178
2105.23,20.8149
2106.23,20.812
2107.23,20.8091
2108.23,20.8062
2109.23,20.8033
2110.23,20.8004
2111.23,20.7976
2112.23,20.7947
2113.23,20.7919
2114.23,20.7891
2115.23,20.7862
2116.23,20.7834
2117.23,20.7806
2118.23,20.7779
2119.23,20.7751
2120.23,20.7723
2121.23,20.7696
2122.23,20.7668
2123.23,20.7641
2124.23,20.7613
2125.23,20.7586
2126.23,20.7559
2127.23,20.7532
2128.23,20.7505
2129.23,20.7479
2130.23,20.7452
2131.23,20.7425
2132.23,20.7399
2133.23,20.7372
2134.23,20.7346
2135.23,20.732
2136.23,20.7294
2137.23,20.7268
2138.23,20.7242
2139.23,20.7216
2140.23,20.719
2141.23,20.7165
2142.23,20.7139
2143.23,20.7113
2144.23,20.7088
2145.23,20.7063
2146.23,20.7038
2147.23,20.7012
2148.23,20.6987
2149.23,20.6962
2150.23,20.6938
2151.23,20.6913
2152.23,20.6888
2153.23,20.6864
2154.23,20.6839
2155.23,20.6815
2156.23,20.679
2157.23,20.6766
2158.23,20.6742
2159.23,20.6718
2160.23,20.6694
2161.23,20.667
2162.23,20.6646
2163.23,20.6623
2164.23,20.6599
2165.23,20.6575
2166.23,20.6552
2167.23,20.6529
2168.23,20.6505
2169.23,20.6482
2170.23,20.6459
2171.23,20.6436
2172.23,20.6413
2173.23,20.639
2174.23,20.6367
2175.23,20.6344
2176.23,20.6322
2177.23,20.6299
2178.23,20.6277
2179.23,20.6254
2180.23,20.6232
2181.23,20.621
2182.23,20.6188
2183.23,20.6166
2184.23,20.6144
2185.23,20.6122
2186.23,20.61
2187.23,20.6078
2188.23,20.6056
2189.23,20.6035
2190.23,20.6013
2191.23,20.5992
2192.23,20.597
2193.23,20.5949
2194.23,20.5928
2195.23,20.5907
2196.23,20.5886
2197.23,20.5865
2198.23,20.5844
2199.23,20.5823
2200.23,20.5802
2201.23,20.5781
2202.23,20.5761
2203.23,20.574
2204.23,20.572
2205.23,20.5699
2206.23,20.5679
2207.23,20.5659
2208.23,20.5638
2209.23,20.5618
2210.23,20.5598
2211.23,20.5578
2212.23,20.5558
2213.23,20.5539
2214.23,20.5519
2215.23,20.5499
2216.23,20.5479
2217.23,20.546
2218.23,20.544
2219.23,20.5421
2220.23,20.5402
2221.23,20.5382
2222.23,20.5363
2223.23,20.5344
2224.23,20.5325
2225.23,20.5306
2226.23,20.5287
2227.23,20.5268
2228.23,20.5249
2229.23,20.5231
2230.23,20.5212
2231.23,20.5193
2232.23,20.5175
2233.23,20.5156
2234.23,20.5138
2235.23,20.512
2236.23,20.5101
2237.23,20.5083
2238.23,20.5065
2239.23,20.5047
2240.23,20.5029
2241.23,20.5011
2242.23,20.4993
2243.23,20.4975
2244.23,20.4957
2245.23,20.494
2246.23,20.4922
2247.23,20.4905
2248.23,20.4887
2249.23,20.487
2250.23,20.4852
2251.23,20.4835
2252.23,20.4818
2253.23,20.4801
2254.23,20.4783
2255.23,20.4766
2256.23,20.4749
2257.23,20.4732
2258.23,20.4715
2259.23,20.4699
2260.23,20.4682
2261.23,20.4665
2262.23,20.4648
2263.23,20.4632
2264.23,20.4615
2265.23,20.4599
2266.23,20.4583
2267.23,20.4566
2268.23,20.455
2269.23,20.4534
2270.23,20.4517
2271.23,20.4501
2272.23,20.4485
2273.23,20.4469
2274.23,20.4453
2275.23,20.4437
2276.23,20.4422
2277.23,20.4406
2278.23,20.439
2279.23,20.4374
2280.23,20.4359
2281.23,20.4343
2282.23,20.4328
2283.23,20.4312
2284.23,20.4297
2285.23,20.4282
2286.23,20.4266
2287.23,20.4251
2288.23,20.4236
2289.23,20.4221
2290.23,20.4206
2291.23,20.4191
2292.23,20.4176
2293.23,20.4161
2294.23,20.4146
2295.23,20.4131
2296.23,20.4116
2297.23,20.4102
2298.23,20.4087
2299.23,20.4073
2300.23,20.4058
2301.23,20.4044
2302.23,20.4029
2303.23,20.4015
2304.23,20.4
2305.23,20.3986
2306.23,20.3972
2307.23,20.3958
2308.23,20.3944
2309.23,20.393
2310.23,20.3915
2311.23,20.3902
2312.23,20.3888
2313.23,20.3874
2314.23,20.386
2315.23,20.3846
2316.23,20.3832
2317.23,20.3819
2318.23,20.3805
2319.23,20.3792
2320.23,20.3778
2321.23,20.3764
2322.23,20.3751
2323.23,20.3738
2324.23,20.3724
2325.23,20.3711
2326.23,20.3698
2327.23,20.3685
2328.23,20.3671
2329.23,20.3658
2330.23,20.3645
2331.23,20.3632
2332.23,20.3619
2333.23,20.3606
2334.23,20.3594
2335.23,20.3581
2336.23,20.3568
2337.23,20.3555
2338.23,20.3542
2339.23,20.353
2340.23,20.3517
2341.23,20.3505
2342.23,20.3492
2343.23,20.348
2344.23,20.3467
2345.23,20.3455
2346.23,20.3443
2347.23,20.343
2348.23,20.3418
2349.23,20.3406
2350.23,20.3394
2351.23,20.3382
2352.23,20.337
2353.23,20.3358
2354.23,20.3346
2355.23,20.3334
2356.23,20.3322
2357.23,20.331
2358.23,20.3298
2359.23,20.3286
2360.23,20.3275
2361.23,20.3263
2362.23,20.3251
2363.23,20.324
2364.23,20.3228
2365.23,20.3217
2366.23,20.3205
2367.23,20.3194
2368.23,20.3182
2369.23,20.3171
2370.23,20.316
2371.23,20.3148
2372.23,20.3137
2373.23,20.3126
2374.23,20.3115
2375.23,20.3104
2376.23,20.3092
2377.23,20.3081
2378.23,20.307
2379.23,20.3059
2380.23,20.3049
2381.23,20.3038
2382.23,20.3027
2383.23,20.3016
2384.23,20.3005
2385.23,20.2995
2386.23,20.2984
2387.23,20.2973
2388.23,20.2963
2389.23,20.2952
2390.23,20.2942
2391.23,20.2931
2392.23,20.2921
2393.23,20.291
2394.23,20.29
2395.23,20.2889
2396.23,20.2879
2397.23,20.2869
2398.23,20.2859
2399.23,20.2848
2400.23,20.2838
2401.23,20.2828
2402.23,20.2818
2403.23,20.2808
2404.23,20.2798
2405.23,20.2788
2406.23,20.2778
2407.23,20.2768
2408.23,20.2758
2409.23,20.2748
2410.23,20.2739
2411.23,20.2729
2412.23,20.2719
2413.23,20.2709
2414.23,20.27
2415.23,20.269
2416.23,20.268
2417.23,20.2671
2418.23,20.2661
2419.23,20.2652
2420.23,20.2642
2421.23,20.2633
2422.23,20.2624
2423.23,20.2614
2424.23,20.2605
2425.23,20.2596
2426.23,20.2586
2427.23,20.2577
2428.23,20.2568
2429.23,20.2559
2430.23,20.255
2431.23,20.254
2432.23,20.2531
2433.23,20.2522
2434.23,20.2513
2435.23,20.2504
2436.23,20.2495
2437.23,20.2487
2438.23,20.2478
2439.23,20.2469
2440.23,20.246
2441.23,20.2451
2442.23,20.2442
2443.23,20.2434
2444.23,20.2425
2445.23,20.2416
2446.23,20.2408
2447.23,20.2399
2448.23,20.2391
2449.23,20.2382
2450.23,20.2374
2451.23,20.2365
2452.23,20.2357
2453.23,20.2348
2454.23,20.234
2455.23,20.2332
2456.23,20.2323
2457.23,20.2315
2458.23,20.2307
2459.23,20.2298
2460.23,20.229
2461.23,20.2282
2462.23,20.2274
2463.23,20.2266
2464.23,20.2258
2465.23,20.225
2466.23,20.2242
2467.23,20.2234
2468.23,20.2226
2469.23,20.2218
2470.23,20.221
2471.23,20.2202
2472.23,20.2194
2473.23,20.2186
2474.23,20.2178
2475.23,20.2171
2476.23,20.2163
2477.23,20.2155
2478.23,20.2148
2479.23,20.214
2480.23,20.2132
2481.23,20.2125
2482.23,20.2117
2483.23,20.2109
2484.23,20.2102
2485.23,20.2094
2486.23,20.2087
2487.23,20.208
2488.23,20.2072
2489.23,20.2065
2490.23,20.2057
2491.23,20.205
2492.23,20.2043
2493.23,20.2035
2494.23,20.2028
2495.23,20.2021
2496.23,20.2014
2497.23,20.2006
2498.23,20.1999
2499.23,20.1992
2500.23,20.1985
2501.23,20.1978
2502.23,20.1971
2503.23,20.1964
2504.23,20.1957
2505.23,20.195
2506.23,20.1943
2507.23,20.1936
2508.23,20.1929
2509.23,20.1922
2510.23,20.1915
2511.23,20.1909
2512.23,20.1902
2513.23,20.1895
2514.23,20.1888
2515.23,20.1881
2516.23,20.1875
2517.23,20.1868
2518.23,20.1861
2519.23,20.1855
2520.23,20.1848
2521.23,20.1841
2522.23,20.1835
2523.23,20.1828
2524.23,20.1822
2525.23,20.1815
2526.23,20.1809
2527.23,20.1802
2528.23,20.1796
2529.23,20.179
2530.23,20.1783
2531.23,20.1777
2532.23,20.177
2533.23,20.1764
2534.23,20.1758
2535.23,20.1752
2536.23,20.1745
2537.23,20.1739
2538.23,20.1733
2539.23,20.1727
2540.23,20.1721
2541.23,20.1714
2542.23,20.1708
2543.23,20.1702
2544.23,20.1696
2545.23,20.169
2546.23,20.1684
2547.23,20.1678
2548.23,20.1672
2549.23,20.1666
2550.23,20.166
2551.23,20.1654
2552.23,20.1648
2553.23,20.1642
2554.23,20.1637
2555.23,20.1631
2556.23,20.1625
2557.23,20.1619
2558.23,20.1613
2559.23,20.1608
2560.23,20.1602
2561.23,20.1596
2562.23,20.159
2563.23,20.1585
2564.23,20.1579
2565.23,20.1573
2566.23,20.1568
2567.23,20.1562
2568.23,20.1557
2569.23,20.1551
2570.23,20.1546
2571.23,20.154
2572.23,20.1535
2573.23,20.1529
2574.23,20.1524
2575.23,20.1518
2576.23,20.1513
2577.23,20.1507
2578.23,20.1502
2579.23,20.1497
2580.23,20.1491
2581.23,20.1486
2582.23,20.1481
2583.23,20.1475
2584.23,20.147
2585.23,20.1465
2586.23,20.146
2587.23,20.1454
2588.23,20.1449
2589.23,20.1444
2590.23,20.1439
2591.23,20.1434
2592.23,20.1429
2593.23,20.1424
2594.23,20.1418
2595.23,20.1413
2596.23,20.1408
2597.23,20.1403
2598.23,20.1398
2599.23,20.1393
2600.23,20.1388
2601.23,20.1383
2602.23,20.1378
2603.23,20.1374
2604.23,20.1369
2605.23,20.1364
2606.23,20.1359
2607.23,20.1354
2608.23,20.1349
2609.23,20.1344
2610.23,20.134
2611.23,20.1335
2612.23,20.133
2613.23,20.1325
2614.23,20.1321
2615.23,20.1316
2616.23,20.1311
2617.23,20.1307
2618.23,20.1302
2619.23,20.1297
2620.23,20.1293
2621.23,20.1288
2622.23,20.1283
2623.23,20.1279
2624.23,20.1274
2625.23,20.127
2626.23,20.1265
2627.23,20.1261
2628.23,20.1256
2629.23,20.1252
2630.23,20.1247
2631.23,20.1243
2632.23,20.1238
2633.23,20.1234
2634.23,20.1229
2635.23,20.1225
2636.23,20.1221
2637.23,20.1216
2638.23,20.1212
2639.23,20.1208
2640.23,20.1203
2641.23,20.1199
2642.23,20.1195
2643.23,20.1191
2644.23,20.1186
2645.23,20.1182
2646.23,20.1178
2647.23,20.1174
2648.23,20.1169
2649.23,20.1165
2650.23,20.1161
2651.23,20.1157
2652.23,20.1153
2653.23,20.1149
2654.23,20.1145
2655.23,20.1141
2656.23,20.1136
2657.23,20.1132
2658.23,20.1128
2659.23,20.1124
2660.23,20.112
2661.23,20.1116
2662.23,20.1112
2663.23,20.1108
2664.23,20.1104
2665.23,20.11
2666.23,20.1097
2667.23,20.1093
2668.23,20.1089
2669.23,20.1085
2670.23,20.1081
2671.23,20.1077
2672.23,20.1073
2673.23,20.1069
2674.23,20.1066
2675.23,20.1062
2676.23,20.1058
2677.23,20.1054
2678.23,20.1051
2679.23,20.1047
2680.23,20.1043
2681.23,20.1039
2682.23,20.1036
2683.23,20.1032
2684.23,20.1028
2685.23,20.1025
2686.23,20.1021
2687.23,20.1017
2688.23,20.1014
2689.23,20.101
2690.23,20.1006
2691.23,20.1003
2692.23,20.0999
2693.23,20.0996
2694.23,20.0992
2695.23,20.0989
2696.23,20.0985
2697.23,20.0982
2698.23,20.0978
2699.23,20.0975
2700.23,20.0971
2701.23,20.0968
2702.23,20.0964
2703.23,20.0961
2704.23,20.0957
2705.23,20.0954
2706.23,20.095
2707.23,20.0947
2708.23,20.0944
2709.23,20.094
2710.23,20.0937
2711.23,20.0934
2712.23,20.093
2713.23,20.0927
2714.23,20.0924
2715.23,20.092
2716.23,20.0917
2717.23,20.0914
2718.23,20.0911
2719.23,20.0907
2720.23,20.0904
2721.23,20.0901
2722.23,20.0898
2723.23,20.0894
2724.23,20.0891
2725.23,20.0888
2726.23,20.0885
2727.23,20.0882
2728.23,20.0879
2729.23,20.0875
2730.23,20.0872
2731.23,20.0869
2732.23,20.0866
2733.23,20.0863
2734.23,20.086
2735.23,20.0857
2736.23,20.0854
2737.23,20.0851
2738.23,20.0848
2739.23,20.0845
2740.23,20.0842
2741.23,20.0839
2742.23,20.0836
2743.23,20.0833
2744.23,20.083
2745.23,20.0827
2746.23,20.0824
2747.23,20.0821
2748.23,20.0818
2749.23,20.0815
2750.23,20.0812
2751.23,20.0809
2752.23,20.0806
2753.23,20.0803
2754.23,20.0801
2755.23,20.0798
2756.23,20.0795
2757.23,20.0792
2758.23,20.0789
2759.23,20.0786
2760.23,20.0784
2761.23,20.0781
2762.23,20.0778
2763.23,20.0775
2764.23,20.0772
2765.23,20.077
2766.23,20.0767
2767.23,20.0764
2768.23,20.0761
2769.23,20.0759
2770.23,20.0756
2771.23,20.0753
2772.23,20.0751
2773.23,20.0748
2774.23,20.0745
2775.23,20.0743
2776.23,20.074
2777.23,20.0737
2778.23,20.0735
2779.23,20.0732
2780.23,20.073
2781.23,20.0727
2782.23,20.0724
2783.23,20.0722
2784.23,20.0719
2785.23,20.0717
2786.23,20.0714
2787.23,20.0711
2788.23,20.0709
2789.23,20.0706
2790.23,20.0704
2791.23,20.0701
2792.23,20.0699
2793.23,20.0696
2794.23,20.0694
2795.23,20.0691
2796.23,20.0689
2797.23,20.0686
2798.23,20.0684
2799.23,20.0682
2800.23,20.0679
2801.23,20.0677
2802.23,20.0674
2803.23,20.0672
2804.23,20.067
2805.23,20.0667
2806.23,20.0665
2807.23,20.0662
2808.23,20.066
2809.23,20.0658
2810.23,20.0655
2811.23,20.0653
2812.23,20.0651
2813.23,20.0648
2814.23,20.0646
2815.23,20.0644
2816.23,20.0641
2817.23,20.0639
2818.23,20.0637
2819.23,20.0635
2820.23,20.0632
2821.23,20.063
2822.23,20.0628
2823.23,20.0626
2824.23,20.0623
2825.23,20.0621
2826.23,20.0619
2827.23,20.0617
2828.23,20.0614
2829.23,20.0612
2830.23,20.061
2831.23,20.0608
2832.23,20.0606
2833.23,20.0604
2834.23,20.0601
2835.23,20.0599
2836.23,20.0597
2837.23,20.0595
2838.23,20.0593
2839.23,20.0591
2840.23,20.0589
2841.23,20.0587
2842.23,20.0584
2843.23,20.0582
2844.23,20.058
2845.23,20.0578
2846.23,20.0576
2847.23,20.0574
2848.23,20.0572
2849.23,20.057
2850.23,20.0568
2851.23,20.0566
2852.23,20.0564
2853.23,20.0562
2854.23,20.056
2855.23,20.0558
2856.23,20.0556
2857.23,20.0554
2858.23,20.0552
2859.23,20.055
2860.23,20.0548
2861.23,20.0546
2862.23,20.0544
2863.23,20.0542
2864.23,20.054
2865.23,20.0538
2866.23,20.0536
2867.23,20.0534
2868.23,20.0533
2869.23,20.0531
2870.23,20.0529
2871.23,20.0527
2872.23,20.0525
2873.23,20.0523
2874.23,20.0521
2875.23,20.0519
2876.23,20.0518
2877.23,20.0516
2878.23,20.0514
2879.23,20.0512
2880.23,20.051
2881.23,20.0508
2882.23,20.0507
2883.23,20.0505
2884.23,20.0503
2885.23,20.0501
2886.23,20.0499
2887.23,20.0498
2888.23,20.0496
2889.23,20.0494
2890.23,20.0492
2891.23,20.0491
2892.23,20.0489
2893.23,20.0487
2894.23,20.0485
2895.23,20.0484
2896.23,20.0482
2897.23,20.048
2898.23,20.0478
2899.23,20.0477
2900.23,20.0475
2901.23,20.0473
2902.23,20.0472
2903.23,20.047
2904.23,20.0468
2905.23,20.0467
2906.23,20.0465
2907.23,20.0463
2908.23,20.0462
2909.23,20.046
2910.23,20.0458
2911.23,20.0457
2912.23,20.0455
2913.23,20.0453
2914.23,20.0452
2915.23,20.045
2916.23,20.0449
2917.23,20.0447
2918.23,20.0445
2919.23,20.0444
2920.23,20.0442
2921.23,20.0441
2922.23,20.0439
2923.23,20.0438
2924.23,20.0436
2925.23,20.0434
2926.23,20.0433
2927.23,20.0431
2928.23,20.043
2929.23,20.0428
2930.23,20.0427
2931.23,20.0425
2932.23,20.0424
2933.23,20.0422
2934.23,20.0421
2935.23,20.0419
2936.23,20.0418
2937.23,20.0416
2938.23,20.0415
2939.23,20.0413
2940.23,20.0412
2941.23,20.041
2942.23,20.0409
2943.23,20.0407
2944.23,20.0406
2945.23,20.0404
2946.23,20.0403
2947.23,20.0402
2948.23,20.04
2949.23,20.0399
2950.23,20.0397
2951.23,20.0396
2952.23,20.0394
2953.23,20.0393
2954.23,20.0392
2955.23,20.039
2956.23,20.0389
2957.23,20.0387
2958.23,20.0386
2959.23,20.0385
2960.23,20.0383
2961.23,20.0382
2962.23,20.0381
2963.23,20.0379
2964.23,20.0378
2965.23,20.0377
2966.23,20.0375
2967.23,20.0374
2968.23,20.0373
2969.23,20.0371
2970.23,20.037
2971.23,20.0369
2972.23,20.0367
2973.23,20.0366
2974.23,20.0365
2975.23,20.0363
2976.23,20.0362
2977.23,20.0361
2978.23,20.0359
2979.23,20.0358
2980.23,20.0357
2981.23,20.0356
2982.23,20.0354
2983.23,20.0353
2984.23,20.0352
2985.23,20.0351
2986.23,20.0349
2987.23,20.0348
2988.23,20.0347
2989.23,20.0346
2990.23,20.0344
2991.23,20.0343
2992.23,20.0342
2993.23,20.0341
2994.23,20.0339
2995.23,20.0338
2996.23,20.0337
2997.23,20.0336
2998.23,20.0335
2999.23,20.0333
3000.23,20.0332
3001.23,20.0331
3002.23,20.033
3003.23,20.0329
3004.23,20.0328
3005.23,20.0326
3006.23,20.0325
3007.23,20.0324
3008.23,20.0323
3009.23,20.0322
3010.23,20.0321
3011.23,20.0319
3012.23,20.0318
3013.23,20.0317
3014.23,20.0316
3015.23,20.0315
3016.23,20.0314
3017.23,20.0313
3018.23,20.0312
3019.23,20.031
3020.23,20.0309
3021.23,20.0308
3022.23,20.0307
3023.23,20.0306
3024.23,20.0305
3025.23,20.0304
3026.23,20.0303
3027.23,20.0302
3028.23,20.0301
3029.23,20.03
3030.23,20.0298
3031.23,20.0297
3032.23,20.0296
3033.23,20.0295
3034.23,20.0294
3035.23,20.0293
3036.23,20.0292
3037.23,20.0291
3038.23,20.029
3039.23,20.0289
3040.23,20.0288
3041.23,20.0287
3042.23,20.0286
3043.23,20.0285
3044.23,20.0284
3045.23,20.0283
3046.23,20.0282
3047.23,20.0281
3048.23,20.028
3049.23,20.0279
3050.23,20.0278
3051.23,20.0277
3052.23,20.0276
3053.23,20.0275
3054.23,20.0274
3055.23,20.0273
3056.23,20.0272
3057.23,20.0271
3058.23,20.027
3059.23,20.0269
3060.23,20.0268
3061.23,20.0267
3062.23,20.0266
3063.23,20.0265
3064.23,20.0264
3065.23,20.0263
3066.23,20.0262
3067.23,20.0261
3068.23,20.0261
3069.23,20.026
3070.23,20.0259
3071.23,20.0258
3072.23,20.0257
3073.23,20.0256
3074.23,20.0255
3075.23,20.0254
3076.23,20.0253
3077.23,20.0252
3078.23,20.0251
3079.23,20.025
3080.23,20.025
3081.23,20.0249
3082.23,20.0248
3083.23,20.0247
3084.23,20.0246
3085.23,20.0245
3086.23,20.0244
3087.23,20.0243
3088.23,20.0243
3089.23,20.0242
3090.23,20.0241
3091.23,20.024
3092.23,20.0239
3093.23,20.0238
3094.23,20.0237
3095.23,20.0237
3096.23,20.0236
3097.23,20.0235
3098.23,20.0234
3099.23,20.0233
3100.23,20.0232
3101.23,20.0232
3102.23,20.0231
3103.23,20.023
3104.23,20.0229
3105.23,20.0228
3106.23,20.0227
3107.23,20.0227
3108.23,20.0226
3109.23,20.0225
3110.23,20.0224
3111.23,20.0223
3112.23,20.0223
3113.23,20.0222
3114.23,20.0221
3115.23,20.022
3116.23,20.0219
3117.23,20.0219
3118.23,20.0218
3119.23,20.0217
3120.23,20.0216
3121.23,20.0216
3122.23,20.0215
3123.23,20.0214
3124.23,20.0213
3125.23,20.0212
3126.23,20.0212
3127.23,20.0211
3128.23,20.021
3129.23,20.0209
3130.23,20.0209
3131.23,20.0208
3132.23,20.0207
3133.23,20.0207
3134.23,20.0206
3135.23,20.0205
3136.23,20.0204
3137.23,20.0204
3138.23,20.0203
3139.23,20.0202
3140.23,20.0201
3141.23,20.0201
3142.23,20.02
3143.23,20.0199
3144.23,20.0199
3145.23,20.0198
3146.23,20.0197
3147.23,20.0196
3148.23,20.0196
3149.23,20.0195
3150.23,20.0194
3151.23,20.0194
3152.23,20.0193
3153.23,20.0192
3154.23,20.0192
3155.23,20.0191
3156.23,20.019
3157.23,20.019
3158.23,20.0189
3159.23,20.0188
3160.23,20.0188
3161.23,20.0187
3162.23,20.0186
3163.23,20.0186
3164.23,20.0185
3165.23,20.0184
3166.23,20.0184
3167.23,20.0183
3168.23,20.0182
3169.23,20.0182
3170.23,20.0181
3171.23,20.018
3172.23,20.018
3173.23,20.0179
3174.23,20.0178
3175.23,20.0178
3176.23,20.0177
3177.23,20.0176
3178.23,20.0176
3179.23,20.0175
3180.23,20.0175
3181.23,20.0174
3182.23,20.0173
3183.23,20.0173
3184.23,20.0172
3185.23,20.0171
3186.23,20.0171
3187.23,20.017
3188.23,20.017
3189.23,20.0169
3190.23,20.0168
3191.23,20.0168
3192.23,20.0167
3193.23,20.0167
3194.23,20.0166
3195.23,20.0165
3196.23,20.0165
3197.23,20.0164
3198.23,20.0164
3199.23,20.0163
3200.23,20.0163
3201.23,20.0162
3202.23,20.0161
3203.23,20.0161
3204.23,20.016
3205.23,20.016
3206.23,20.0159
3207.23,20.0159
3208.23,20.0158
3209.23,20.0157
3210.23,20.0157
3211.23,20.0156
3212.23,20.0156
3213.23,20.0155
3214.23,20.0155
3215.23,20.0154
3216.23,20.0153
3217.23,20.0153
3218.23,20.0152
3219.23,20.0152
3220.23,20.0151
3221.23,20.0151
3222.23,20.015
3223.23,20.015
3224.23,20.0149
3225.23,20.0149
3226.23,20.0148
3227.23,20.0148
3228.23,20.0147
3229.23,20.0147
3230.23,20.0146
3231.23,20.0145
3232.23,20.0145
3233.23,20.0144
3234.23,20.0144
3235.23,20.0143
3236.23,20.0143
3237.23,20.0142
3238.23,20.0142
3239.23,20.0141
3240.23,20.0141
3241.23,20.014
3242.23,20.014
3243.23,20.0139
3244.23,20.0139
3245.23,20.0138
3246.23,20.0138
3247.23,20.0137
3248.23,20.0137
3249.23,20.0136
3250.23,20.0136
3251.23,20.0135
3252.23,20.0135
3253.23,20.0134
3254.23,20.0134
3255.23,20.0134
3256.23,20.0133
3257.23,20.0133
3258.23,20.0132
3259.23,20.0132
3260.23,20.0131
3261.23,20.0131
3262.23,20.013
3263.23,20.013
3264.23,20.0129
3265.23,20.0129
3266.23,20.0128
3267.23,20.0128
3268.23,20.0127
3269.23,20.0127
3270.23,20.0127
3271.23,20.0126
3272.23,20.0126
3273.23,20.0125
3274.23,20.0125
3275.23,20.0124
3276.23,20.0124
3277.23,20.0123
3278.23,20.0123
3279.23,20.0123
3280.23,20.0122
3281.23,20.0122
3282.23,20.0121
3283.23,20.0121
3284.23,20.012
3285.23,20.012
3286.23,20.012
3287.23,20.0119
3288.23,20.0119
3289.23,20.0118
3290.23,20.0118
3291.23,20.0117
3292.23,20.0117
3293.23,20.0117
3294.23,20.0116
3295.23,20.0116
3296.23,20.0115
3297.23,20.0115
3298.23,20.0114
3299.23,20.0114
3300.23,20.0114
3301.23,20.0113
3302.23,20.0113
3303.23,20.0112
3304.23,20.0112
3305.23,20.0112
3306.23,20.0111
3307.23,20.0111
3308.23,20.011
3309.23,20.011
3310.23,20.011
3311.23,20.0109
3312.23,20.0109
3313.23,20.0109
3314.23,20.0108
3315.23,20.0108
3316.23,20.0107
3317.23,20.0107
3318.23,20.0107
3319.23,20.0106
3320.23,20.0106
3321.23,20.0105
3322.23,20.0105
3323.23,20.0105
3324.23,20.0104
3325.23,20.0104
3326.23,20.0104
3327.23,20.0103
3328.23,20.0103
3329.23,20.0102
3330.23,20.0102
3331.23,20.0102
3332.23,20.0101
3333.23,20.0101
3334.23,20.0101
3335.23,20.01
3336.23,20.01
3337.23,20.01
3338.23,20.0099
3339.23,20.0099
3340.23,20.0099
3341.23,20.0098
3342.23,20.0098
3343.23,20.0097
3344.23,20.0097
3345.23,20.0097
3346.23,20.0096
3347.23,20.0096
3348.23,20.0096
3349.23,20.0095
3350.23,20.0095
3351.23,20.0095
3352.23,20.0094
3353.23,20.0094
3354.23,20.0094
3355.23,20.0093
3356.23,20.0093
3357.23,20.0093
3358.23,20.0092
3359.23,20.0092
3360.23,20.0092
3361.23,20.0091
3362.23,20.0091
3363.23,20.0091
3364.23,20.009
3365.23,20.009
3366.23,20.009
3367.23,20.0089
3368.23,20.0089
3369.23,20.0089
3370.23,20.0089
3371.23,20.0088
3372.23,20.0088
3373.23,20.0088
3374.23,20.0087
3375.23,20.0087
3376.23,20.0087
3377.23,20.0086
3378.23,20.0086
3379.23,20.0086
3380.23,20.0085
3381.23,20.0085
3382.23,20.0085
3383.23,20.0084
3384.23,20.0084
3385.23,20.0084
3386.23,20.0084
3387.23,20.0083
3388.23,20.0083
3389.23,20.0083
3390.23,20.0082
3391.23,20.0082
3392.23,20.0082
3393.23,20.0082
3394.23,20.0081
3395.23,20.0081
3396.23,20.0081
3397.23,20.008
3398.23,20.008
3399.23,20.008
3400.23,20.0079
3401.23,20.0079
3402.23,20.0079
3403.23,20.0079
3404.23,20.0078
3405.23,20.0078
3406.23,20.0078
3407.23,20.0078
3408.23,20.0077
3409.23,20.0077
3410.23,20.0077
3411.23,20.0076
3412.23,20.0076
3413.23,20.0076
3414.23,20.0076
3415.23,20.0075
3416.23,20.0075
3417.23,20.0075
3418.23,20.0075
3419.23,20.0074
3420.23,20.0074
3421.23,20.0074
3422.23,20.0073
3423.23,20.0073
3424.23,20.0073
3425.23,20.0073
3426.23,20.0072
3427.23,20.0072
3428.23,20.0072
3429.23,20.0072
3430.23,20.0071
3431.23,20.0071
3432.23,20.0071
3433.23,20.0071
3434.23,20.007
3435.23,20.007
3436.23,20.007
3437.23,20.007
3438.23,20.0069
3439.23,20.0069
3440.23,20.0069
3441.23,20.0069
3442.23,20.0068
3443.23,20.0068
3444.23,20.0068
3445.23,20.0068
3446.23,20.0067
3447.23,20.0067
3448.23,20.0067
3449.23,20.0067
3450.23,20.0066
3451.23,20.0066
3452.23,20.0066
3453.23,20.0066
3454.23,20.0066
3455.23,20.0065
3456.23,20.0065
3457.23,20.0065
3458.23,20.0065
3459.23,20.0064
3460.23,20.0064
3461.23,20.0064
3462.23,20.0064
3463.23,20.0063
3464.23,20.0063
3465.23,20.0063
3466.23,20.0063
3467.23,20.0063
3468.23,20.0062
3469.23,20.0062
3470.23,20.0062
3471.23,20.0062
3472.23,20.0061
3473.23,20.0061
3474.23,20.0061
3475.23,20.0061
3476.23,20.0061
3477.23,20.006
3478.23,20.006
3479.23,20.006
3480.23,20.006
3481.23,20.006
3482.23,20.0059
3483.23,20.0059
3484.23,20.0059
3485.23,20.0059
3486.23,20.0058
3487.23,20.0058
3488.23,20.0058
3489.23,20.0058
3490.23,20.0058
3491.23,20.0057
3492.23,20.0057
3493.23,20.0057
3494.23,20.0057
3495.23,20.0057
3496.23,20.0056
3497.23,20.0056
3498.23,20.0056
3499.23,20.0056
3500.23,20.0056
3501.23,20.0055
3502.23,20.0055
3503.23,20.0055
3504.23,20.0055
3505.23,20.0055
3506.23,20.0054
3507.23,20.0054
3508.23,20.0054
3509.23,20.0054
3510.23,20.0054
3511.23,20.0053
3512.23,20.0053
3513.23,20.0053
3514.23,20.0053
3515.23,20.0053
3516.23,20.0053
3517.23,20.0052
3518.23,20.0052
3519.23,20.0052
3520.23,20.0052
3521.23,20.0052
3522.23,20.0051
3523.23,20.0051
3524.23,20.0051
3525.23,20.0051
3526.23,20.0051
3527.23,20.005
3528.23,20.005
3529.23,20.005
3530.23,20.005
3531.23,20.005
3532.23,20.005
3533.23,20.0049
3534.23,20.0049
3535.23,20.0049
3536.23,20.0049
3537.23,20.0049
3538.23,20.0049
3539.23,20.0048
3540.23,20.0048
3541.23,20.0048
3542.23,20.0048
3543.23,20.0048
3544.23,20.0048
3545.23,20.0047
3546.23,20.0047
3547.23,20.0047
3548.23,20.0047
3549.23,20.0047
3550.23,20.0047
3551.23,20.0046
3552.23,20.0046
3553.23,20.0046
3554.23,20.0046
3555.23,20.0046
3556.23,20.0046
3557.23,20.0045
3558.23,20.0045
3559.23,20.0045
3560.23,20.0045
3561.23,20.0045
3562.23,20.0045
3563.23,20.0044
3564.23,20.0044
3565.23,20.0044
3566.23,20.0044
3567.23,20.0044
3568.23,20.0044
3569.23,20.0043
3570.23,20.0043
3571.23,20.0043
3572.23,20.0043
3573.23,20.0043
3574.23,20.0043
3575.23,20.0043
3576.23,20.0042
3577.23,20.0042
3578.23,20.0042
3579.23,20.0042
3580.23,20.0042
3581.23,20.0042
3582.23,20.0041
3583.23,20.0041
3584.23,20.0041
3585.23,20.0041
3586.23,20.0041
3587.23,20.0041
3588.23,20.0041
3589.23,20.004
3590.23,20.004
3591.23,20.004
3592.23,20.004
3593.23,20.004
3594.23,20.004
3595.23,20.004
3596.23,20.0039
3597.23,20.0039
3598.23,20.0039
3599.23,20.0039
3600.23,20.0039
3601.23,20.0039
3602.23,20.0039
3603.23,20.0038
3604.23,20.0038
3605.23,20.0038
3606.23,20.0038
3607.23,20.0038
3608.23,20.0038
3609.23,20.0038
3610.23,20.0038
3611.23,20.0037
3612.23,20.0037
3613.23,20.0037
3614.23,20.0037
3615.23,20.0037
3616.23,20.0037
3617.23,20.0037
3618.23,20.0036
3619.23,20.0036
3620.23,20.0036
3621.23,20.0036
3622.23,20.0036
3623.23,20.0036
3624.23,20.0036
3625.23,20.0036
3626.23,20.0035
3627.23,20.0035
3628.23,20.0035
3629.23,20.0035
3630.23,20.0035
3631.23,20.0035
3632.23,20.0035
3633.23,20.0035
3634.23,20.0034
3635.23,20.0034
3636.23,20.0034
3637.23,20.0034
3638.23,20.0034
3639.23,20.0034
3640.23,20.0034
3641.23,20.0034
3642.23,20.0033
3643.23,20.0033
3644.23,20.0033
3645.23,20.0033
3646.23,20.0033
3647.23,20.0033
3648.23,20.0033
3649.23,20.0033
3650.23,20.0033
3651.23,20.0032
3652.23,20.0032
3653.23,20.0032
3654.23,20.0032
3655.23,20.0032
3656.23,20.0032
3657.23,20.0032
3658.23,20.0032
3659.23,20.0031
3660.23,20.0031
3661.23,20.0031
3662.23,20.0031
3663.23,20.0031
3664.23,20.0031
3665.23,20.0031
3666.23,20.0031
3667.23,20.0031
3668.23,20.003
3669.23,20.003
3670.23,20.003
3671.23,20.003
3672.23,20.003
3673.23,20.003
3674.23,20.003
3675.23,20.003
3676.23,20.003
3677.23,20.003
3678.23,20.0029
3679.23,20.0029
3680.23,20.0029
3681.23,20.0029
3682.23,20.0029
3683.23,20.0029
3684.23,20.0029
3685.23,20.0029
3686.23,20.0029
3687.23,20.0028
3688.23,20.0028
3689.23,20.0028
3690.23,20.0028
3691.23,20.0028
3692.23,20.0028
3693.23,20.0028
3694.23,20.0028
3695.23,20.0028
3696.23,20.0028
3697.23,20.0028
3698.23,20.0027
3699.23,20.0027
3700.23,20.0027
3701.23,20.0027
3702.23,20.0027
3703.23,20.0027
3704.23,20.0027
3705.23,20.0027
3706.23,20.0027
3707.23,20.0027
3708.23,20.0026
3709.23,20.0026
3710.23,20.0026
3711.23,20.0026
3712.23,20.0026
3713.23,20.0026
3714.23,20.0026
3715.23,20.0026
3716.23,20.0026
3717.23,20.0026
3718.23,20.0026
3719.23,20.0025
3720.23,20.0025
3721.23,20.0025
3722.23,20.0025
3723.23,20.0025
3724.23,20.0025
3725.23,20.0025
3726.23,20.0025
3727.23,20.0025
3728.23,20.0025
3729.23,20.0025
3730.23,20.0024
3731.23,20.0024
3732.23,20.0024
3733.23,20.0024
3734.23,20.0024
3735.23,20.0024
3736.23,20.0024
3737.23,20.0024
3738.23,20.0024
3739.23,20.0024
3740.23,20.0024
3741.23,20.0023
3742.23,20.0023
3743.23,20.0023
3744.23,20.0023
3745.23,20.0023
3746.23,20.0023
3747.23,20.0023
3748.23,20.0023
3749.23,20.0023
3750.23,20.0023
3751.23,20.0023
3752.23,20.0023
3753.23,20.0023
3754.23,20.0022
3755.23,20.0022
3756.23,20.0022
3757.23,20.0022
3758.23,20.0022
3759.23,20.0022
3760.23,20.0022
3761.23,20.0022
3762.23,20.0022
3763.23,20.0022
3764.23,20.0022
3765.23,20.0022
3766.23,20.0021
3767.23,20.0021
3768.23,20.0021
3769.23,20.0021
3770.23,20.0021
3771.23,20.0021
3772.23,20.0021
3773.23,20.0021
3774.23,20.0021
3775.23,20.0021
3776.23,20.0021
3777.23,20.0021
3778.23,20.0021
3779.23,20.0021
3780.23,20.002
3781.23,20.002
3782.23,20.002
3783.23,20.002
3784.23,20.002
3785.23,20.002
3786.23,20.002
3787.23,20.002
3788.23,20.002
3789.23,20.002
3790.23,20.002
3791.23,20.002
3792.23,20.002
3793.23,20.002
3794.23,20.0019
3795.23,20.0019
3796.23,20.0019
3797.23,20.0019
3798.23,20.0019
3799.23,20.0019
3800.23,20.0019
3801.23,20.0019
3802.23,20.0019
3803.23,20.0019
3804.23,20.0019
3805.23,20.0019
3806.23,20.0019
3807.23,20.0019
3808.23,20.0018
3809.23,20.0018
3810.23,20.0018
3811.23,20.0018
3812.23,20.0018
3813.23,20.0018
3814.23,20.0018
3815.23,20.0018
3816.23,20.0018
3817.23,20.0018
3818.23,20.0018
3819.23,20.0018
3820.23,20.0018
3821.23,20.0018
3822.23,20.0018
3823.23,20.0018
3824.23,20.0017
3825.23,20.0017
3826.23,20.0017
3827.23,20.0017
3828.23,20.0017
3829.23,20.0017
3830.23,20.0017
3831.23,20.0017
3832.23,20.0017
3833.23,20.0017
3834.23,20.0017
3835.23,20.0017
3836.23,20.0017
3837.23,20.0017
3838.23,20.0017
3839.23,20.0017
3840.23,20.0016
3841.23,20.0016
3842.23,20.0016
3843.23,20.0016
3844.23,20.0016
3845.23,20.0016
3846.23,20.0016
3847.23,20.0016
3848.23,20.0016
3849.23,20.0016
3850.23,20.0016
3851.23,20.0016
3852.23,20.0016
3853.23,20.0016
3854.23,20.0016
3855.23,20.0016
3856.23,20.0016
3857.23,20.0016
3858.23,20.0015
3859.23,20.0015
3860.23,20.0015
3861.23,20.0015
3862.23,20.0015
3863.23,20.0015
3864.23,20.0015
3865.23,20.0015
3866.23,20.0015
3867.23,20.0015
3868.23,20.0015
3869.23,20.0015
3870.23,20.0015
3871.23,20.0015
3872.23,20.0015
3873.23,20.0015
3874.23,20.0015
3875.23,20.0015
3876.23,20.0014
3877.23,20.0014
3878.23,20.0014
3879.23,20.0014
3880.23,20.0014
3881.23,20.0014
3882.23,20.0014
3883.23,20.0014
3884.23,20.0014
3885.23,20.0014
3886.23,20.0014
3887.23,20.0014
3888.23,20.0014
3889.23,20.0014
3890.23,20.0014
3891.23,20.0014
3892.23,20.0014
3893.23,20.0014
3894.23,20.0014
3895.23,20.0014
3896.23,20.0014
3897.23,20.0013
3898.23,20.0013
3899.23,20.0013
3900.23,20.0013
3901.23,20.0013
3902.23,20.0013
3903.23,20.0013
3904.23,20.0013
3905.23,20.0013
3906.23,20.0013
3907.23,20.0013
3908.23,20.0013
3909.23,20.0013
3910.23,20.0013
3911.23,20.0013
3912.23,20.0013
3913.23,20.0013
3914.23,20.0013
3915.23,20.0013
3916.23,20.0013
3917.23,20.0013
3918.23,20.0012
3919.23,20.0012
3920.23,20.0012
3921.23,20.0012
3922.23,20.0012
3923.23,20.0012
3924.23,20.0012
3925.23,20.0012
3926.23,20.0012
3927.23,20.0012
3928.23,20.0012
3929.23,20.0012
3930.23,20.0012
3931.23,20.0012
3932.23,20.0012
3933.23,20.0012
3934.23,20.0012
3935.23,20.0012
3936.23,20.0012
3937.23,20.0012
3938.23,20.0012
3939.23,20.0012
3940.23,20.0012
3941.23,20.0012
3942.23,20.0011
3943.23,20.0011
3944.23,20.0011
3945.23,20.0011
3946.23,20.0011
3947.23,20.0011
3948.23,20.0011
3949.23,20.0011
3950.23,20.0011
3951.23,20.0011
3952.23,20.0011
3953.23,20.0011
3954.23,20.0011
3955.23,20.0011
3956.23,20.0011
3957.23,20.0011
3958.23,20.0011
3959.23,20.0011
3960.23,20.0011
3961.23,20.0011
3962.23,20.0011
3963.23,20.0011
3964.23,20.0011
3965.23,20.0011
3966.23,20.0011
3967.23,20.001
3968.23,20.001
3969.23,20.001
3970.23,20.001
3971.23,20.001
3972.23,20.001
3973.23,20.001
3974.23,20.001
3975.23,20.001
3976.23,20.001
3977.23,20.001
3978.23,20.001
3979.23,20.001
3980.23,20.001
3981.23,20.001
3982.23,20.001
3983.23,20.001
3984.23,20.001
3985.23,20.001
3986.23,20.001
3987.23,20.001
3988.23,20.001
3989.23,20.001
3990.23,20.001
3991.23,20.001
3992.23,20.001
3993.23,20.001
3994.23,20.001
3995.23,20.0009
3996.23,20.0009
3997.23,20.0009
3998.23,20.0009
3999.23,20.0009
4000,20.0009
