Generated by GetData Graph Digitizer 2.26.0.20 on October 30 2020, 17:01
from file 'C:\Users\kariln\Pictures\Skjermbilde.JPG'

Line #3
 1.15830115830116e-004    5.52147239263804e+000
 3.86100386100386e-004    1.84049079754601e+001
 7.33590733590734e-004    3.49693251533742e+001
 1.11969111969112e-003    5.33742331288344e+001
 1.50579150579151e-003    7.17791411042945e+001
 1.77606177606178e-003    8.46625766871166e+001
 2.74131274131274e-003    1.30674846625767e+002
 3.39768339768340e-003    1.61963190184049e+002
 3.86100386100386e-003    1.84049079754601e+002
 4.16988416988417e-003    1.98773006134969e+002
 4.51737451737452e-003    2.15337423312883e+002
 4.71042471042471e-003    2.24539877300614e+002
 4.90347490347490e-003    2.35582822085890e+002
 5.05791505791506e-003    2.41104294478528e+002
 6.13899613899614e-003    2.42944785276074e+002
 6.75675675675676e-003    2.44785276073620e+002
 7.25868725868726e-003    2.46625766871166e+002
 8.03088803088803e-003    2.48466257668712e+002
 8.45559845559845e-003    2.50306748466258e+002
 9.15057915057915e-003    2.52147239263804e+002
 9.76833976833977e-003    2.53987730061350e+002
 1.00000000000000e-002    2.55828220858896e+002
