#t,T
40.4199,226.895
40.441,373.361
40.4621,509.215
40.4833,557.473
40.5044,576.371
40.5255,589.609
40.5466,598.976
40.5677,605.582
40.5888,609.108
40.6099,609.786
40.6311,607.708
40.6522,602.946
40.6733,596.831
40.6944,589.63
40.7155,582.502
40.7366,575.003
40.7577,568.122
40.7789,560.04
40.8,551.504
40.8211,542.602
40.8422,510.735
40.8633,485.441
40.8844,465.539
40.9055,450.912
40.9267,440.729
40.9478,433.629
40.9689,428.508
40.99,424.095
41.0111,419.537
41.0322,414.224
41.0533,407.691
41.0744,400.337
41.0797,398.458
41.085,396.513
41.0903,394.523
41.0956,392.502
41.1008,390.461
41.1088,387.388
41.1167,384.323
41.1246,381.287
41.1325,378.286
41.1404,375.328
41.1523,370.968
41.1642,366.695
41.1761,362.557
41.1879,358.498
41.1998,354.557
41.2117,350.72
41.2236,347.017
41.2354,343.437
41.2473,340.242
41.2592,337.42
41.2711,334.886
41.283,332.578
41.2948,330.431
41.3126,327.457
41.3394,323.333
41.3661,319.37
41.3928,315.489
41.4195,311.69
41.4463,307.991
41.473,303.966
41.4997,299.242
41.5264,294.287
41.5531,289.375
41.5799,284.64
41.6066,280.165
41.6333,275.941
41.66,271.962
41.6868,268.204
41.7135,264.583
41.7402,261.049
41.7669,257.603
41.7936,254.212
41.8204,250.875
41.8471,247.614
41.8738,244.467
41.9005,241.429
41.9273,238.497
41.954,235.654
41.9807,232.892
42.0074,230.198
42.0341,227.566
42.0609,225.002
42.0876,222.497
42.1143,220.059
42.141,217.704
42.1678,215.435
42.1945,213.249
42.2212,211.132
42.2479,209.08
42.2746,207.09
42.3014,205.16
42.3281,203.287
42.3548,201.47
42.3815,199.705
42.4083,197.991
42.435,196.326
42.4617,194.709
42.4884,193.138
42.5152,191.617
42.5419,190.143
42.5686,188.708
42.5953,187.31
42.622,185.949
42.6488,184.623
42.6755,183.332
42.7022,182.077
42.7289,180.853
42.7557,179.659
42.7824,178.493
42.8091,177.352
42.8358,176.237
42.8625,175.149
42.8893,174.088
42.916,173.053
42.9427,172.044
42.9694,171.06
42.9962,170.097
43.0229,169.154
43.0496,168.229
43.0763,167.323
43.103,166.437
43.1298,165.572
43.1565,164.729
43.1832,163.904
43.2099,163.097
43.2367,162.307
43.2634,161.533
43.2901,160.775
43.3168,160.032
43.3435,159.306
43.3703,158.594
43.397,157.897
43.4237,157.216
43.4504,156.549
43.4772,155.895
43.5039,155.255
43.5306,154.626
43.5573,154.01
43.584,153.406
43.6108,152.814
43.6375,152.232
43.6642,151.662
43.6909,151.103
43.7177,150.553
43.7444,150.013
43.7711,149.482
43.7978,148.96
43.8245,148.447
43.8513,147.944
43.878,147.451
43.9047,146.966
43.9314,146.49
43.9582,146.021
43.9849,145.561
44.0116,145.108
44.0383,144.662
44.065,144.223
44.0918,143.79
44.1185,143.365
44.1452,142.946
44.1719,142.534
44.1987,142.129
44.2254,141.73
44.2521,141.338
44.2788,140.952
44.3055,140.572
44.3323,140.197
44.359,139.828
44.3857,139.465
44.4124,139.107
44.4392,138.754
44.4659,138.407
44.4926,138.065
44.5193,137.728
44.5461,137.396
44.5728,137.069
44.5995,136.746
44.6262,136.428
44.6529,136.115
44.6797,135.806
44.7064,135.5
44.7331,135.199
44.7598,134.901
44.7866,134.608
44.8133,134.317
44.84,134.03
44.8667,133.747
44.8934,133.468
44.9202,133.192
44.9469,132.919
44.9736,132.649
45.0003,132.383
45.0271,132.12
45.0538,131.86
45.0805,131.603
45.1072,131.349
45.1339,131.098
45.1607,130.85
45.1874,130.604
45.2141,130.361
45.2408,130.121
45.2676,129.884
45.2943,129.649
45.321,129.417
45.3477,129.187
45.3744,128.96
45.4012,128.735
45.4279,128.512
45.4546,128.292
45.4813,128.074
45.5081,127.859
45.5348,127.646
45.5615,127.436
45.5882,127.227
45.6149,127.021
45.6417,126.817
45.6684,126.615
45.6951,126.415
45.7218,126.217
45.7486,126.021
45.7753,125.826
45.802,125.634
45.8287,125.443
45.8554,125.254
45.8822,125.066
45.9089,124.88
45.9356,124.696
45.9623,124.513
45.9891,124.332
46.0158,124.153
46.0425,123.975
46.0692,123.799
46.096,123.623
46.1227,123.45
46.1494,123.278
46.1761,123.107
46.2028,122.938
46.2296,122.77
46.2563,122.604
46.283,122.439
46.3097,122.275
46.3365,122.113
46.3632,121.952
46.3899,121.792
46.4166,121.634
46.4433,121.477
46.4701,121.321
46.4968,121.166
46.5235,121.013
46.5502,120.86
46.577,120.709
46.6037,120.559
46.6304,120.41
46.6571,120.262
46.6838,120.116
46.7106,119.97
46.7373,119.825
46.764,119.682
46.7907,119.539
46.8175,119.397
46.8442,119.257
46.8709,119.117
46.8976,118.979
46.9243,118.841
46.9511,118.705
46.9778,118.569
47.0045,118.434
47.0312,118.3
47.058,118.167
47.0847,118.035
47.1114,117.904
47.1381,117.773
47.1648,117.644
47.1916,117.515
47.2183,117.387
47.245,117.26
47.2717,117.133
47.2985,117.007
47.3252,116.882
47.3519,116.758
47.3786,116.635
47.4053,116.512
47.4321,116.39
47.4588,116.269
47.4855,116.148
47.5122,116.028
47.539,115.909
47.5657,115.791
47.5924,115.673
47.6191,115.556
47.6459,115.44
47.6726,115.324
47.6993,115.209
47.726,115.095
47.7527,114.981
47.7795,114.868
47.8062,114.755
47.8329,114.643
47.8596,114.532
47.8864,114.421
47.9131,114.311
47.9398,114.202
47.9665,114.093
47.9932,113.985
48.02,113.877
48.0467,113.77
48.0734,113.664
48.1001,113.558
48.1269,113.452
48.1536,113.348
48.1803,113.243
48.207,113.14
48.2337,113.036
48.2605,112.934
48.2872,112.831
48.3139,112.729
48.3406,112.628
48.3674,112.527
48.3941,112.427
48.4208,112.327
48.4475,112.227
48.4742,112.128
48.501,112.03
48.5277,111.932
48.5544,111.834
48.5811,111.737
48.6079,111.64
48.6346,111.544
48.6613,111.448
48.688,111.353
48.7147,111.258
48.7415,111.164
48.7682,111.07
48.7949,110.976
48.8016,110.953
48.8083,110.929
48.815,110.906
48.8216,110.883
48.8283,110.859
48.835,110.836
48.8417,110.813
48.8517,110.778
48.8617,110.744
48.8717,110.709
48.8818,110.674
48.8918,110.64
48.9018,110.605
48.9118,110.571
48.9218,110.537
48.9319,110.502
48.9419,110.468
48.9519,110.434
48.9619,110.4
48.972,110.366
48.982,110.332
48.992,110.298
49.002,110.264
49.012,110.23
49.0221,110.196
49.0321,110.162
49.0471,110.112
49.0621,110.062
49.0772,110.011
49.0997,109.936
49.1223,109.862
49.1448,109.787
49.1786,109.676
49.2125,109.566
49.2463,109.456
49.2801,109.346
49.3139,109.238
49.3477,109.13
49.3816,109.022
49.4154,108.915
49.4492,108.809
49.483,108.703
49.5168,108.598
49.5507,108.494
49.5845,108.389
49.6183,108.286
49.6521,108.183
49.6859,108.081
49.7198,107.979
49.7536,107.877
49.7874,107.777
49.8212,107.676
49.855,107.577
49.8889,107.477
49.9227,107.379
49.9565,107.28
49.9903,107.183
50.0241,107.085
50.058,106.989
50.0918,106.892
50.1256,106.796
50.1594,106.701
50.1932,106.606
50.2271,106.512
50.2609,106.418
50.2947,106.324
50.3285,106.231
50.3624,106.139
50.3962,106.046
50.43,105.955
50.4638,105.863
50.4976,105.773
50.5315,105.682
50.5653,105.592
50.5991,105.503
50.6329,105.414
50.6667,105.325
50.7006,105.237
50.7344,105.149
50.7682,105.061
50.802,104.974
50.8358,104.888
50.8697,104.801
50.9035,104.716
50.9373,104.63
50.9711,104.545
51.0049,104.461
51.0388,104.377
51.0726,104.293
51.1064,104.209
51.1402,104.126
51.174,104.044
51.2079,103.961
51.2417,103.879
51.2755,103.798
51.3093,103.717
51.3431,103.636
51.377,103.555
51.4108,103.475
51.4446,103.395
51.4784,103.316
51.5123,103.237
51.5461,103.158
51.5799,103.079
51.6137,103.001
51.6475,102.923
51.6814,102.846
51.7152,102.769
51.749,102.692
51.7828,102.615
51.8166,102.539
51.8505,102.463
51.8843,102.387
51.8927,102.368
51.9012,102.35
51.9096,102.331
51.9181,102.312
51.9266,102.293
51.935,102.274
51.9435,102.256
51.9519,102.237
51.9604,102.218
51.9688,102.199
51.9773,102.181
51.9857,102.162
51.9942,102.143
52.0026,102.125
52.0111,102.106
52.0196,102.088
52.028,102.069
52.0407,102.041
52.0597,102
52.0883,101.937
52.1168,101.875
52.1453,101.814
52.1739,101.752
52.2024,101.691
52.2309,101.629
52.2595,101.569
52.288,101.508
52.3165,101.447
52.3451,101.387
52.3736,101.327
52.4022,101.267
52.4307,101.207
52.4592,101.148
52.4878,101.088
52.5163,101.029
52.5448,100.97
52.5734,100.911
52.6019,100.853
52.6304,100.795
52.659,100.736
52.6875,100.678
52.7161,100.621
52.7446,100.563
52.7731,100.506
52.8017,100.448
52.8302,100.391
52.8587,100.334
52.8873,100.278
52.9158,100.221
52.9443,100.165
52.9729,100.109
53.0014,100.053
53.0299,99.9973
53.0585,99.9417
53.087,99.8864
53.1156,99.8312
53.1441,99.7761
53.1726,99.7213
53.2012,99.6666
53.2297,99.6122
53.2582,99.5579
53.2868,99.5037
53.3153,99.4498
53.3438,99.396
53.3724,99.3423
53.4009,99.2889
53.4295,99.2356
53.458,99.1825
53.4865,99.1295
53.5151,99.0768
53.5436,99.0242
53.5721,98.9718
53.6007,98.9196
53.6292,98.8675
53.6577,98.8157
53.6863,98.764
53.7148,98.7126
53.7434,98.6613
53.7719,98.6103
53.8004,98.5594
53.829,98.5088
53.8575,98.4584
53.886,98.4082
53.9146,98.3583
53.9431,98.3086
53.9716,98.2592
54.0002,98.2101
54.0287,98.1613
54.0572,98.1128
54.0858,98.0646
54.1143,98.0168
54.1429,97.9694
54.1714,97.9223
54.1999,97.8758
54.2285,97.8297
54.257,97.7841
54.2855,97.7391
54.3141,97.6947
54.3426,97.6511
54.3711,97.6082
54.3997,97.5662
54.4282,97.5251
54.4568,97.485
54.4853,97.446
54.5138,97.4082
54.5424,97.3717
54.5709,97.3365
54.5994,97.3027
54.628,97.2705
54.6565,97.24
54.685,97.2114
54.7136,97.1849
54.7421,97.1609
54.7706,97.1398
54.7992,97.1219
54.8277,97.1077
54.8563,97.0981
54.8848,97.0942
54.9133,97.0971
54.9419,97.1083
54.9704,97.1291
54.9989,97.1608
55.0275,97.2045
55.056,97.2608
55.0845,97.3303
55.1131,97.4133
55.1416,97.5098
55.1702,97.618
55.1987,97.7339
55.2272,97.855
55.2558,97.9802
55.2843,98.1111
55.3128,98.2519
55.3414,98.409
55.3699,98.5907
55.3984,98.807
55.427,99.0664
55.4555,99.3772
55.4841,99.7621
55.5126,100.343
55.5411,101.171
55.5697,102.293
55.5982,103.73
55.6267,105.471
55.6553,107.497
55.6838,109.73
55.7123,112.119
55.7409,114.556
55.7694,116.976
55.7979,119.333
55.8265,121.022
55.855,121.498
55.8836,121.525
55.9121,120.962
55.9406,120.119
55.9692,119.524
55.9977,119.308
56.0262,120.076
56.0548,121.865
56.0833,124.822
56.1118,129.288
56.1404,134.546
56.1689,150.921
56.1975,220.084
56.226,288.982
56.2545,359.812
56.2831,432.078
56.3116,500.406
56.3401,548.987
56.3687,563.089
56.3972,573.023
56.4257,556.769
56.4543,536.414
56.4828,489.886
56.5114,456.869
56.5399,431.262
56.5684,410.227
56.597,391.91
56.6255,375.474
56.654,360.605
56.6826,347.147
56.7111,334.98
56.7396,324.226
56.7682,315.426
56.7967,307.802
56.8252,300.755
56.8538,294.216
56.8823,288.11
56.8895,286.611
56.8966,285.139
56.9037,283.693
56.9109,282.271
56.9216,280.194
56.9376,277.195
56.9537,274.3
56.9697,271.519
56.9858,268.828
57.0018,266.221
57.0179,263.694
57.0339,261.248
57.05,258.881
57.066,256.595
57.0821,254.398
57.0981,252.288
57.1142,250.264
57.1302,248.329
57.1463,246.48
57.1704,243.882
57.1944,241.448
57.2185,239.157
57.2426,236.993
57.2667,234.947
57.2907,233.003
57.3148,231.154
57.3389,229.401
57.363,227.739
57.3871,226.167
57.4111,224.68
57.4352,223.275
57.4593,221.943
57.4834,220.677
57.5074,219.473
57.5315,218.322
57.5556,217.217
57.5797,216.15
57.6037,215.119
57.6278,214.118
57.6519,213.147
57.676,212.202
57.7001,211.281
57.7241,210.383
57.7482,209.506
57.7723,208.648
57.7964,207.811
57.8204,206.992
57.8445,206.191
57.8686,205.406
57.8927,204.636
57.9168,203.881
57.9408,203.142
57.9649,202.417
57.989,201.707
58.0131,201.01
58.0371,200.327
58.0612,199.657
58.0853,198.998
58.1094,198.351
58.1334,197.715
58.1575,197.089
58.1816,196.472
58.2057,195.865
58.2298,195.267
58.2538,194.677
58.2779,194.095
58.302,193.519
58.3261,192.95
58.3501,192.387
58.3742,191.83
58.3983,191.279
58.4224,190.734
58.4465,190.195
58.4705,189.661
58.4946,189.132
58.5187,188.608
58.5428,188.089
58.5668,187.574
58.5909,187.064
58.615,186.559
58.6391,186.058
58.6632,185.562
58.6872,185.071
58.7113,184.585
58.7354,184.103
58.7595,183.626
58.7835,183.154
58.8076,182.686
58.8317,182.222
58.8678,181.538
58.9039,180.865
58.94,180.203
58.9762,179.55
59.0123,178.907
59.0484,178.274
59.0845,177.651
59.1206,177.038
59.1567,176.434
59.1929,175.84
59.229,175.255
59.2651,174.68
59.3012,174.114
59.3373,173.558
59.3734,173.011
59.4095,172.473
59.4457,171.943
59.4818,171.423
59.5179,170.91
59.554,170.406
59.5901,169.91
59.6262,169.421
59.6624,168.941
59.6985,168.467
59.7346,168.001
59.7707,167.542
59.8068,167.09
59.8429,166.644
59.8791,166.205
59.9152,165.773
59.9513,165.346
59.9874,164.926
60.0235,164.512
60.0596,164.104
60.0958,163.702
60.1319,163.306
60.168,162.916
60.2041,162.53
60.2402,162.15
60.2763,161.775
60.3124,161.406
60.3486,161.041
60.3847,160.682
60.4208,160.328
60.4569,159.979
60.493,159.634
60.5291,159.295
60.5653,158.96
60.6014,158.629
60.6375,158.303
60.6736,157.981
60.7097,157.662
60.7458,157.348
60.782,157.038
60.8181,156.731
60.8542,156.427
60.8903,156.128
60.9264,155.832
60.9625,155.54
60.9986,155.251
61.0348,154.966
61.0709,154.684
61.107,154.406
61.1431,154.131
61.1792,153.859
61.2153,153.59
61.2515,153.324
61.2876,153.062
61.3237,152.802
61.3598,152.545
61.3959,152.29
61.432,152.038
61.4682,151.789
61.5043,151.542
61.5404,151.298
61.5765,151.056
61.6126,150.817
61.6217,150.757
61.6307,150.697
61.6397,150.638
61.6487,150.579
61.6578,150.519
61.6668,150.46
61.6758,150.402
61.6849,150.343
61.6939,150.284
61.7029,150.226
61.7119,150.168
61.721,150.109
61.73,150.051
61.739,149.994
61.7481,149.936
61.7571,149.878
61.7706,149.792
61.7909,149.664
61.8214,149.473
61.8519,149.283
61.8824,149.095
61.9128,148.909
61.9433,148.724
61.9738,148.541
62.0043,148.359
62.0347,148.179
62.0652,148
62.0957,147.823
62.1261,147.647
62.1566,147.472
62.1871,147.299
62.2176,147.127
62.248,146.956
62.2785,146.787
62.309,146.619
62.3395,146.452
62.3699,146.286
62.4004,146.121
62.4309,145.958
62.4613,145.795
62.4918,145.634
62.5223,145.474
62.5528,145.315
62.5832,145.157
62.6137,144.999
62.6442,144.843
62.6747,144.688
62.7051,144.534
62.7356,144.381
62.7661,144.229
62.7966,144.077
62.827,143.927
62.8575,143.777
62.888,143.629
62.9184,143.481
62.9489,143.334
62.9794,143.189
63.0099,143.044
63.0403,142.9
63.0708,142.757
63.1013,142.614
63.1318,142.473
63.1622,142.332
63.1927,142.193
63.2232,142.054
63.2536,141.916
63.2841,141.778
63.3146,141.642
63.3451,141.506
63.3755,141.371
63.406,141.237
63.4365,141.103
63.467,140.971
63.4974,140.839
63.5279,140.707
63.5584,140.577
63.5888,140.447
63.6193,140.318
63.6498,140.189
63.6803,140.061
63.7107,139.933
63.7412,139.807
63.7717,139.68
63.8022,139.555
63.8326,139.43
63.8631,139.305
63.8936,139.182
63.924,139.058
63.9545,138.936
63.985,138.813
64.0155,138.692
64.0459,138.571
64.0764,138.451
64.1069,138.331
64.1374,138.211
64.1678,138.093
64.1983,137.974
64.2288,137.857
64.2592,137.74
64.2897,137.623
64.3202,137.507
64.3507,137.391
64.3811,137.276
64.4116,137.161
64.4421,137.047
64.4726,136.933
64.503,136.82
64.5335,136.707
64.564,136.595
64.5945,136.484
64.6249,136.372
64.6554,136.262
64.6859,136.152
64.7163,136.042
64.7468,135.933
64.7773,135.824
64.8078,135.716
64.8382,135.608
64.8687,135.5
64.8992,135.394
64.9296,135.287
64.9601,135.181
64.9906,135.076
65.0211,134.971
65.0515,134.866
65.082,134.762
65.1125,134.658
65.143,134.555
65.1734,134.452
65.2039,134.35
65.2344,134.248
65.2649,134.146
65.2953,134.045
65.3258,133.944
65.3563,133.844
65.3867,133.744
65.4172,133.644
65.4477,133.545
65.4782,133.446
65.5086,133.348
65.5391,133.25
65.5696,133.152
65.6001,133.055
65.6305,132.958
65.661,132.862
65.6915,132.766
65.7219,132.67
65.7524,132.575
65.7829,132.48
65.8134,132.385
65.8438,132.291
65.8743,132.197
65.9048,132.104
65.9353,132.011
65.9657,131.918
65.9962,131.826
66.0267,131.734
66.0571,131.642
66.0876,131.551
66.1181,131.46
66.1486,131.37
66.179,131.279
66.2095,131.19
66.24,131.1
66.2705,131.011
66.3009,130.923
66.3314,130.834
66.3619,130.746
66.3923,130.659
66.4228,130.571
66.4533,130.484
66.4838,130.398
66.5142,130.311
66.5447,130.225
66.5752,130.139
66.6057,130.054
66.6361,129.969
66.6666,129.884
66.6971,129.799
66.7275,129.715
66.758,129.631
66.7885,129.547
66.819,129.464
66.8494,129.381
66.8799,129.298
66.9104,129.215
66.9409,129.133
66.9713,129.051
67.0018,128.969
67.0323,128.888
67.0628,128.807
67.0932,128.726
67.1237,128.645
67.1542,128.564
67.1846,128.484
67.2151,128.404
67.2456,128.324
67.2761,128.245
67.3065,128.166
67.337,128.087
67.3675,128.008
67.3979,127.929
67.4284,127.851
67.4589,127.773
67.4894,127.695
67.5198,127.617
67.5503,127.54
67.5808,127.462
67.6113,127.385
67.6417,127.309
67.6722,127.232
67.7027,127.156
67.7332,127.08
67.7636,127.004
67.7941,126.928
67.8246,126.853
67.855,126.778
67.8855,126.703
67.916,126.628
67.9465,126.554
67.9769,126.48
68.0074,126.406
68.0379,126.332
68.0684,126.259
68.0988,126.185
68.1293,126.112
68.1598,126.039
68.1902,125.967
68.2207,125.894
68.2512,125.822
68.2817,125.75
68.3121,125.679
68.3426,125.607
68.3731,125.536
68.4036,125.465
68.434,125.394
68.4645,125.323
68.495,125.253
68.5254,125.182
68.5712,125.077
68.6169,124.973
68.6626,124.869
68.7083,124.766
68.754,124.663
68.7997,124.56
68.8454,124.458
68.8911,124.356
68.9368,124.255
68.9825,124.154
69.0283,124.053
69.074,123.953
69.1197,123.854
69.1654,123.755
69.2111,123.656
69.2568,123.558
69.3025,123.46
69.3482,123.362
69.3939,123.265
69.4396,123.169
69.4853,123.072
69.5311,122.977
69.5768,122.881
69.6225,122.786
69.6682,122.692
69.7139,122.598
69.7596,122.505
69.8053,122.412
69.851,122.319
69.8967,122.227
69.9424,122.135
69.9881,122.044
70.0224,121.976
70.0567,121.908
70.091,121.841
70.1253,121.774
70.1596,121.707
70.1938,121.64
70.2281,121.574
70.2624,121.508
70.2967,121.442
70.331,121.377
70.3652,121.312
70.3995,121.248
70.4338,121.184
70.4681,121.121
70.5024,121.057
70.5367,120.995
70.5709,120.933
70.6052,120.872
70.6395,120.811
70.6738,120.751
70.7081,120.692
70.7423,120.634
70.7766,120.576
70.8109,120.52
70.8452,120.464
70.8795,120.41
70.9138,120.357
70.948,120.306
70.9823,120.256
71.0166,120.207
71.0252,120.195
71.0337,120.183
71.0423,120.171
71.0509,120.16
71.0595,120.148
71.068,120.137
71.0766,120.125
71.0852,120.114
71.0937,120.103
71.1023,120.092
71.1109,120.081
71.1195,120.071
71.128,120.06
71.1366,120.05
71.1452,120.039
71.1537,120.029
71.1666,120.014
71.1859,119.993
71.2148,119.963
71.2437,119.934
71.2726,119.908
71.3016,119.885
71.3305,119.864
71.3594,119.845
71.3884,119.829
71.4173,119.817
71.4462,119.807
71.4751,119.801
71.5041,119.799
71.533,119.8
71.5619,119.806
71.5908,119.816
71.6198,119.831
71.6487,119.851
71.6776,119.876
71.7065,119.905
71.7355,119.941
71.7644,119.982
71.7933,120.029
71.8222,120.082
71.8512,120.142
71.8801,120.209
71.909,120.283
71.9379,120.366
71.9669,120.456
71.9958,120.554
72.0247,120.661
72.0536,120.777
72.0826,120.901
72.1115,121.034
72.1404,121.175
72.1693,121.325
72.1983,121.483
72.2272,121.65
72.2561,121.826
72.285,122.009
72.314,122.202
72.3429,122.403
72.3718,122.615
72.4007,122.837
72.4297,123.069
72.4586,123.312
72.4875,123.566
72.5164,123.83
72.5454,124.104
72.5743,124.386
72.6032,124.677
72.6321,124.976
72.6611,125.281
72.69,125.593
72.7189,125.909
72.7478,126.231
72.7768,126.556
72.8057,126.885
72.8346,127.216
72.8635,127.549
72.8925,127.881
72.9214,128.213
72.9503,128.544
72.9792,128.873
73.0226,129.36
73.066,129.839
73.1094,130.308
73.1528,130.765
73.1962,131.209
73.2396,131.64
73.283,132.056
73.3264,132.456
73.3697,132.84
73.4131,133.208
73.4565,133.56
73.4999,133.896
73.5433,134.216
73.5867,134.521
73.6301,134.811
73.6735,135.087
73.7168,135.349
73.7602,135.599
73.8036,135.837
73.847,136.063
73.8904,136.278
73.9338,136.483
73.9772,136.678
74.0206,136.865
74.0639,137.043
74.1073,137.213
74.1507,137.376
74.1941,137.533
74.2375,137.683
74.2809,137.828
74.3243,137.967
74.3677,138.101
74.4111,138.231
74.4544,138.357
74.4978,138.478
74.5412,138.596
74.5846,138.71
74.628,138.821
74.6714,138.929
74.7148,139.035
74.7582,139.137
74.8016,139.237
74.8449,139.334
74.8883,139.429
74.9317,139.522
74.9751,139.613
75.0185,139.701
75.0619,139.788
75.1053,139.872
75.1487,139.955
75.192,140.035
75.2354,140.114
75.2788,140.191
75.3222,140.266
75.3656,140.34
75.409,140.411
75.4524,140.481
75.4958,140.549
75.5391,140.615
75.5825,140.679
75.6259,140.742
75.6693,140.803
75.7127,140.862
75.7561,140.919
75.7995,140.975
75.8429,141.029
75.8863,141.081
75.9296,141.132
75.973,141.181
76.0164,141.228
76.0598,141.273
76.1032,141.317
76.1466,141.359
76.19,141.4
76.2334,141.439
76.2767,141.476
76.3201,141.511
76.3635,141.545
76.4069,141.578
76.4503,141.608
76.4937,141.638
76.5371,141.665
76.5805,141.691
76.6238,141.716
76.6672,141.739
76.7106,141.761
76.754,141.781
76.7974,141.8
76.8408,141.817
76.8842,141.833
76.9276,141.847
76.971,141.861
77.0143,141.872
77.0577,141.883
77.1011,141.892
77.1445,141.9
77.1879,141.906
77.2313,141.912
77.2747,141.916
77.3181,141.919
77.3615,141.92
77.4048,141.921
77.4482,141.92
77.4916,141.919
77.535,141.916
77.5784,141.912
77.6218,141.907
77.6652,141.9
77.7085,141.893
77.7519,141.885
77.7953,141.875
77.8387,141.865
77.8821,141.854
77.9255,141.841
77.9689,141.828
78.0123,141.814
78.0557,141.798
78.099,141.782
78.1424,141.765
78.1858,141.747
78.2292,141.728
78.2726,141.709
78.316,141.688
78.3594,141.667
78.4028,141.644
78.4462,141.621
78.4895,141.598
78.5329,141.573
78.5763,141.548
78.6197,141.521
78.6631,141.495
78.7065,141.467
78.7499,141.439
78.7933,141.41
78.8366,141.38
78.88,141.35
78.9234,141.319
78.9668,141.287
79.0102,141.255
79.0536,141.222
79.097,141.189
79.1404,141.155
79.1837,141.12
79.2271,141.085
79.2705,141.05
79.3139,141.014
79.3573,140.977
79.4007,140.94
79.4441,140.902
79.4875,140.864
79.5309,140.825
79.5742,140.786
79.6176,140.747
79.661,140.707
79.7044,140.666
79.7478,140.625
79.7912,140.584
79.8346,140.543
79.878,140.5
79.9213,140.458
79.9647,140.415
80.0081,140.372
80.0515,140.328
80.0949,140.284
80.1383,140.24
80.1817,140.196
80.2251,140.151
80.2684,140.105
80.3118,140.06
80.3552,140.014
80.3986,139.967
80.442,139.921
80.4854,139.874
80.5288,139.827
80.5722,139.779
80.6156,139.732
80.6589,139.684
80.7023,139.636
80.7457,139.587
80.7891,139.538
80.8216,139.502
80.8542,139.465
80.8867,139.428
80.9193,139.391
80.9518,139.353
80.9844,139.316
81.0169,139.279
81.0494,139.241
81.082,139.203
81.0901,139.194
81.0983,139.184
81.1064,139.175
81.1145,139.165
81.1267,139.151
81.1389,139.137
81.1511,139.123
81.1633,139.109
81.1755,139.094
81.1877,139.08
81.1999,139.066
81.2121,139.051
81.2243,139.037
81.2365,139.023
81.2487,139.008
81.261,138.994
81.2732,138.98
81.2854,138.965
81.2976,138.951
81.3098,138.936
81.3281,138.915
81.3555,138.882
81.383,138.849
81.4104,138.817
81.4379,138.784
81.4654,138.751
81.4928,138.718
81.5203,138.685
81.5477,138.652
81.5752,138.619
81.6026,138.586
81.6301,138.552
81.6575,138.519
81.685,138.486
81.7125,138.452
81.7399,138.419
81.7674,138.385
81.7948,138.352
81.8223,138.318
81.8497,138.284
81.8772,138.251
81.9047,138.217
81.9321,138.183
81.9596,138.149
81.987,138.115
82.0145,138.081
82.0419,138.047
82.0694,138.013
82.0969,137.979
82.1243,137.945
82.1518,137.911
82.1792,137.877
82.2067,137.842
82.2341,137.808
82.2616,137.774
82.289,137.739
82.3165,137.705
82.344,137.671
82.3714,137.636
82.3989,137.602
82.4263,137.567
82.4538,137.532
82.4812,137.498
82.5087,137.463
82.5362,137.429
82.5636,137.394
82.5911,137.359
82.6185,137.324
82.646,137.29
82.6734,137.255
82.7009,137.22
82.7284,137.185
82.7558,137.15
82.7833,137.116
82.8107,137.081
82.8382,137.046
82.8656,137.011
82.8931,136.976
82.9205,136.941
82.948,136.906
82.9755,136.871
83.0029,136.836
83.0304,136.801
83.0578,136.766
83.0853,136.731
83.1127,136.696
83.1402,136.661
83.1677,136.625
83.1951,136.59
83.2226,136.555
83.25,136.52
83.2775,136.485
83.3049,136.45
83.3324,136.414
83.3599,136.379
83.3873,136.344
83.4148,136.309
83.4422,136.274
83.4697,136.238
83.4971,136.203
83.5246,136.168
83.552,136.133
83.5795,136.098
83.607,136.062
83.6344,136.027
83.6619,135.992
83.6893,135.956
83.7168,135.921
83.7442,135.886
83.7717,135.851
83.7992,135.815
83.8266,135.78
83.8541,135.745
83.8815,135.71
83.909,135.674
83.9364,135.639
83.9639,135.604
83.9914,135.568
84.0188,135.533
84.0463,135.498
84.0737,135.463
84.1012,135.427
84.1286,135.392
84.1561,135.357
84.1835,135.322
84.211,135.286
84.2385,135.251
84.2659,135.216
84.2934,135.181
84.3208,135.146
84.3483,135.11
84.3757,135.075
84.4032,135.04
84.4307,135.005
84.4581,134.97
84.4856,134.934
84.513,134.899
84.5405,134.864
84.5679,134.829
84.5954,134.794
84.6229,134.759
84.6503,134.724
84.6778,134.689
84.7052,134.654
84.7327,134.618
84.7601,134.583
84.7876,134.548
84.815,134.513
84.8425,134.478
84.87,134.443
84.8974,134.408
84.9249,134.373
84.9523,134.338
84.9798,134.303
85.0072,134.268
85.0347,134.233
85.0622,134.199
85.0896,134.164
85.1171,134.129
85.1445,134.094
85.172,134.059
85.1994,134.024
85.2269,133.989
85.2544,133.955
85.2818,133.92
85.3093,133.885
85.3367,133.85
85.3642,133.816
85.3916,133.781
85.4191,133.746
85.4465,133.711
85.474,133.677
85.5015,133.642
85.5289,133.608
85.5564,133.573
85.5838,133.538
85.6113,133.504
85.6387,133.469
85.6662,133.435
85.6937,133.4
85.7211,133.366
85.7486,133.331
85.776,133.297
85.8035,133.263
85.8309,133.228
85.8584,133.194
85.8859,133.16
85.9133,133.125
85.9408,133.091
85.9682,133.057
85.9957,133.022
86.0231,132.988
86.0506,132.954
86.078,132.92
86.1055,132.886
86.133,132.852
86.1604,132.818
86.1879,132.784
86.2153,132.75
86.2428,132.716
86.2702,132.682
86.2977,132.648
86.3252,132.614
86.3526,132.58
86.3801,132.546
86.4075,132.512
86.435,132.479
86.4624,132.445
86.4899,132.411
86.5174,132.378
86.5448,132.344
86.5723,132.311
86.5997,132.277
86.6272,132.244
86.6546,132.21
86.6821,132.177
86.7096,132.143
86.737,132.11
86.7645,132.077
86.7919,132.044
86.8194,132.011
86.8468,131.977
86.8743,131.944
86.9017,131.911
86.9292,131.879
86.9567,131.846
86.9841,131.813
87.0116,131.78
87.039,131.748
87.0665,131.715
87.0939,131.683
87.1214,131.65
87.1489,131.618
87.1763,131.586
87.2038,131.554
87.2312,131.522
87.2587,131.49
87.2861,131.458
87.3136,131.427
87.3411,131.395
87.3685,131.364
87.396,131.332
87.4234,131.301
87.4509,131.27
87.4783,131.239
87.5058,131.209
87.5332,131.178
87.5607,131.148
87.5882,131.117
87.6156,131.087
87.6431,131.057
87.6705,131.028
87.698,130.998
87.7254,130.969
87.7529,130.94
87.7804,130.911
87.8078,130.882
87.8353,130.854
87.8627,130.826
87.8902,130.798
87.9176,130.77
87.9451,130.743
87.9726,130.716
88,130.689
88.0275,130.663
88.0549,130.637
88.0824,130.611
88.1098,130.586
88.1373,130.561
88.1647,130.536
88.1922,130.512
88.2197,130.488
88.2471,130.465
88.2746,130.441
88.302,130.419
88.3295,130.397
88.3569,130.375
88.3844,130.354
88.4119,130.333
88.4393,130.313
88.4668,130.293
88.4942,130.274
88.5217,130.255
88.5491,130.237
88.5766,130.219
88.6041,130.202
88.6315,130.186
88.659,130.17
88.6864,130.155
88.7139,130.14
88.7413,130.126
88.7688,130.113
88.7962,130.1
88.8237,130.088
88.8512,130.077
88.8786,130.067
88.9061,130.057
88.9335,130.048
88.961,130.039
88.9884,130.032
89.0159,130.025
89.0434,130.019
89.0708,130.013
89.0983,130.009
89.1257,130.005
89.1532,130.002
89.1806,130
89.2081,129.998
89.2356,129.998
89.263,129.998
89.2905,129.999
89.3179,130.001
89.3454,130.003
89.3728,130.007
89.4003,130.011
89.4277,130.016
89.4552,130.022
89.4827,130.028
89.5101,130.036
89.5376,130.044
89.565,130.053
89.5925,130.063
89.6199,130.073
89.6474,130.085
89.6749,130.097
89.7023,130.109
89.7298,130.123
89.7572,130.137
89.7847,130.152
89.8121,130.168
89.8396,130.184
89.8671,130.201
89.8945,130.218
89.922,130.236
89.9494,130.255
89.9769,130.274
90.0043,130.294
90.0318,130.314
90.0592,130.335
90.0867,130.357
90.1142,130.379
90.1416,130.401
90.1691,130.424
90.1965,130.448
90.224,130.471
90.2514,130.496
90.2789,130.52
90.3064,130.545
90.3338,130.571
90.3613,130.597
90.3887,130.623
90.4162,130.649
90.4436,130.676
90.4711,130.703
90.4986,130.731
90.526,130.758
90.5535,130.786
90.5809,130.814
90.6084,130.843
90.6358,130.871
90.6633,130.9
90.6908,130.929
90.7182,130.958
90.7457,130.988
90.7731,131.017
90.8006,131.047
90.828,131.077
90.8555,131.107
90.8829,131.137
90.9104,131.167
90.9379,131.197
90.9653,131.228
90.9928,131.258
91.0202,131.289
91.0477,131.319
91.0751,131.35
91.1026,131.381
91.1301,131.411
91.1575,131.442
91.185,131.473
91.2124,131.504
91.2399,131.535
91.2673,131.566
91.2948,131.597
91.3223,131.628
91.3497,131.659
91.3772,131.69
91.4046,131.721
91.4321,131.752
91.4595,131.783
91.487,131.813
91.5145,131.844
91.5419,131.875
91.5694,131.906
91.5968,131.937
91.6243,131.967
91.6517,131.998
91.6792,132.029
91.7066,132.06
91.7341,132.09
91.7616,132.121
91.789,132.151
91.8165,132.182
91.8439,132.212
91.8714,132.242
91.8988,132.272
91.9263,132.303
91.9538,132.333
91.9812,132.363
92.0087,132.393
92.0361,132.423
92.0636,132.453
92.091,132.482
92.1185,132.512
92.146,132.542
92.1734,132.571
92.2009,132.601
92.2283,132.63
92.2558,132.659
92.2832,132.688
92.3107,132.717
92.3381,132.746
92.3656,132.775
92.3931,132.804
92.4205,132.833
92.448,132.862
92.4754,132.89
92.5029,132.918
92.5303,132.947
92.5578,132.975
92.5853,133.003
92.6127,133.031
92.6402,133.059
92.6676,133.087
92.6951,133.115
92.7225,133.142
92.75,133.17
92.7775,133.197
92.8049,133.225
92.8324,133.252
92.8598,133.279
92.8873,133.306
92.9147,133.333
92.9422,133.359
92.9696,133.386
92.9971,133.412
93.0246,133.439
93.052,133.465
93.0795,133.491
93.1069,133.517
93.1344,133.543
93.1618,133.569
93.1893,133.594
93.2168,133.62
93.2442,133.645
93.2717,133.67
93.2991,133.696
93.3266,133.721
93.354,133.745
93.3815,133.77
93.409,133.795
93.4364,133.819
93.4639,133.844
93.4913,133.868
93.5188,133.892
93.5462,133.916
93.5737,133.94
93.6011,133.963
93.6286,133.987
93.6561,134.01
93.6835,134.034
93.711,134.057
93.7384,134.08
93.7659,134.103
93.7933,134.125
93.8208,134.148
93.8483,134.17
93.8757,134.193
93.9032,134.215
93.9306,134.237
93.9581,134.259
93.9855,134.28
94.013,134.302
94.0405,134.323
94.0679,134.345
94.0954,134.366
94.1228,134.387
94.1503,134.407
94.1777,134.428
94.2052,134.449
94.2326,134.469
94.2601,134.489
94.2876,134.509
94.315,134.529
94.3425,134.549
94.3699,134.569
94.3974,134.588
94.4248,134.608
94.4523,134.627
94.4798,134.646
94.5072,134.665
94.5347,134.684
94.5621,134.702
94.5896,134.721
94.617,134.739
94.6445,134.757
94.672,134.775
94.6994,134.793
94.7269,134.81
94.7543,134.828
94.7818,134.845
94.8092,134.863
94.8367,134.88
94.8641,134.897
94.8916,134.913
94.9191,134.93
94.9465,134.946
94.974,134.963
95.0014,134.979
95.0289,134.995
95.0563,135.011
95.0838,135.026
95.1113,135.042
95.1524,135.065
95.1936,135.087
95.2348,135.11
95.276,135.132
95.3172,135.153
95.3584,135.175
95.3996,135.196
95.4407,135.216
95.4819,135.236
95.5231,135.256
95.5643,135.276
95.6055,135.295
95.6467,135.314
95.6878,135.333
95.729,135.351
95.7702,135.369
95.8114,135.386
95.8526,135.404
95.8938,135.421
95.935,135.437
95.9658,135.449
95.9967,135.461
96.0276,135.473
96.0585,135.485
96.0894,135.497
96.1203,135.508
96.1512,135.519
96.1821,135.53
96.213,135.541
96.2438,135.552
96.2747,135.562
96.3056,135.572
96.3365,135.582
96.3674,135.592
96.3983,135.602
96.4292,135.612
96.4601,135.621
96.4909,135.63
96.5218,135.639
96.5527,135.648
96.5836,135.657
96.6145,135.666
96.6454,135.674
96.6763,135.682
96.7072,135.69
96.7381,135.698
96.7689,135.706
96.7998,135.713
96.8307,135.721
96.8616,135.728
96.8925,135.735
96.9234,135.742
96.9543,135.749
96.9852,135.755
97.0161,135.762
97.0469,135.768
97.0778,135.774
97.1087,135.78
97.1396,135.785
97.1705,135.791
97.2014,135.796
97.2477,135.804
97.3172,135.815
97.4215,135.83
97.5778,135.848
97.8124,135.867
98.1642,135.878
98.692,135.859
99.4836,135.763
100.484,135.552
101.484,135.269
102.484,134.929
103.484,134.543
104.484,134.122
105.484,133.673
106.484,133.203
107.484,132.717
107.796,132.564
108.108,132.41
108.42,132.254
108.732,132.098
109.044,131.941
109.357,131.783
109.669,131.624
109.981,131.465
110.293,131.306
110.605,131.146
110.839,131.025
111.073,130.905
111.308,130.784
111.542,130.664
111.736,130.563
111.931,130.463
112.077,130.388
112.223,130.313
112.37,130.238
112.516,130.163
112.662,130.088
112.808,130.014
112.954,129.94
113.1,129.866
113.246,129.793
113.392,129.721
113.538,129.65
113.684,129.58
113.83,129.511
113.976,129.444
114.123,129.379
114.269,129.317
114.415,129.257
114.561,129.201
114.707,129.149
114.853,129.102
114.999,129.059
115.145,129.022
115.291,128.992
115.437,128.969
115.584,128.955
115.73,128.952
115.876,128.959
116.022,128.98
116.168,129.016
116.314,129.068
116.46,129.137
116.606,129.223
116.752,129.329
116.898,129.453
117.045,129.595
117.191,129.756
117.337,129.934
117.483,130.129
117.629,130.339
117.775,130.563
117.921,130.799
118.067,131.047
118.213,131.304
118.359,131.569
118.505,131.841
118.652,132.119
118.798,132.4
118.944,132.685
119.09,132.971
119.236,133.258
119.382,133.544
119.528,133.829
119.674,134.113
119.82,134.394
119.966,134.671
120.112,134.945
120.259,135.214
120.405,135.479
120.551,135.738
120.697,135.992
120.843,136.241
120.989,136.483
121.135,136.72
121.281,136.95
121.427,137.174
121.573,137.391
121.719,137.602
121.866,137.806
122.012,138.004
122.158,138.195
122.304,138.38
122.413,138.516
122.523,138.647
122.633,138.775
122.742,138.9
122.852,139.021
122.961,139.139
123.071,139.254
123.18,139.365
123.29,139.473
123.4,139.577
123.509,139.679
123.619,139.777
123.728,139.873
123.838,139.965
123.947,140.054
124.057,140.141
124.167,140.224
124.276,140.305
124.386,140.383
124.495,140.458
124.605,140.531
124.714,140.601
124.824,140.669
124.933,140.734
125.043,140.797
125.153,140.857
125.262,140.915
125.372,140.971
125.481,141.024
125.591,141.075
125.7,141.125
125.81,141.172
125.92,141.217
126.029,141.26
126.139,141.301
126.248,141.34
126.358,141.377
126.467,141.413
126.577,141.446
126.687,141.478
126.796,141.509
126.906,141.537
127.015,141.564
127.125,141.59
127.234,141.614
127.344,141.636
127.454,141.657
127.563,141.676
127.673,141.694
127.782,141.711
127.892,141.727
128.001,141.741
128.111,141.754
128.221,141.766
128.33,141.778
128.44,141.788
128.549,141.797
128.659,141.806
128.768,141.815
128.878,141.824
128.988,141.832
129.097,141.842
129.207,141.852
129.316,141.865
129.426,141.88
129.535,141.898
129.645,141.921
129.755,141.95
129.864,141.986
129.974,142.03
130.083,142.086
130.193,142.154
130.302,142.236
130.412,142.335
130.522,142.453
130.631,142.593
130.741,142.755
130.85,142.942
130.96,143.155
131.069,143.395
131.179,143.684
131.289,144.044
131.398,144.475
131.508,144.976
131.617,145.556
131.727,146.222
131.836,146.978
131.946,147.821
132.055,148.743
132.165,149.73
132.275,150.764
132.384,151.829
132.494,152.908
132.603,153.986
132.713,155.049
132.822,156.089
132.932,157.097
133.042,158.064
133.151,158.987
133.261,159.863
133.37,160.69
133.48,161.468
133.589,162.198
133.699,162.881
133.809,163.518
133.918,164.111
134.028,164.663
134.137,165.174
134.247,165.649
134.356,166.088
134.466,166.494
134.576,166.87
134.685,167.217
134.795,167.538
134.904,167.834
135.014,168.107
135.123,168.36
135.233,168.592
135.343,168.807
135.452,169.004
135.562,169.186
135.671,169.353
135.781,169.506
135.89,169.646
136,169.774
136.11,169.891
136.219,169.998
136.329,170.094
136.438,170.181
136.548,170.259
136.657,170.329
136.767,170.391
136.877,170.446
136.986,170.494
137.096,170.535
137.205,170.569
137.315,170.598
137.424,170.621
137.534,170.638
137.644,170.65
137.753,170.658
137.863,170.661
137.972,170.66
138.082,170.654
138.191,170.645
138.301,170.632
138.411,170.615
138.52,170.595
138.63,170.572
138.739,170.546
138.849,170.517
138.958,170.486
139.068,170.452
139.178,170.415
139.287,170.376
139.397,170.334
139.506,170.291
139.616,170.246
139.725,170.198
139.835,170.149
139.944,170.098
140.054,170.045
140.164,169.991
140.273,169.936
140.383,169.878
140.492,169.82
140.602,169.76
140.711,169.699
140.821,169.637
140.931,169.574
141.04,169.509
141.15,169.444
141.259,169.378
141.369,169.311
141.478,169.243
141.588,169.174
141.698,169.105
141.807,169.035
141.917,168.964
142.026,168.892
142.136,168.82
142.245,168.748
142.355,168.675
142.465,168.601
142.574,168.527
142.684,168.453
142.793,168.378
142.903,168.302
143.012,168.227
143.122,168.151
143.232,168.074
143.341,167.998
143.451,167.921
143.56,167.844
143.67,167.767
143.779,167.689
143.889,167.612
143.999,167.535
144.108,167.458
144.218,167.381
144.327,167.305
144.437,167.229
144.546,167.155
144.656,167.083
144.766,167.014
144.875,166.949
144.985,166.889
145.094,166.839
145.204,166.8
145.313,166.78
145.423,166.786
145.533,166.829
145.642,166.927
145.752,167.101
145.861,167.388
145.971,167.84
146.08,168.499
146.19,169.459
146.3,170.88
146.409,172.844
146.519,175.256
146.628,178.093
146.738,181.303
146.847,185.334
146.957,190.98
147.066,197.042
147.176,202.131
147.286,363.523
147.395,547.599
147.505,572.545
147.614,559.384
147.724,547.54
147.833,513.216
147.943,473.053
148.053,445.009
148.162,427.809
148.272,414.726
148.381,403.679
148.491,392.134
148.6,380.069
148.71,366.74
148.82,353.579
148.929,341.709
149.039,331.285
149.148,322.124
149.258,313.985
149.367,306.633
149.477,299.916
149.587,293.792
149.696,288.221
149.806,283.153
149.915,278.52
150.025,274.27
150.134,270.37
150.244,266.792
150.354,263.495
150.463,260.455
150.573,257.635
150.682,255.02
150.792,252.593
150.901,250.332
151.011,248.225
151.121,246.257
151.23,244.412
151.34,242.681
151.449,241.052
151.559,239.518
151.668,238.068
151.778,236.697
151.888,235.397
151.997,234.163
152.107,232.99
152.216,231.872
152.326,230.806
152.435,229.787
152.545,228.812
152.655,227.877
152.764,226.981
152.874,226.121
152.983,225.294
153.093,224.5
153.202,223.734
153.312,222.996
153.422,222.282
153.531,221.592
153.641,220.923
153.75,220.275
153.86,219.646
153.969,219.035
154.079,218.442
154.189,217.865
154.298,217.304
154.408,216.756
154.517,216.223
154.627,215.701
154.736,215.193
154.846,214.696
154.955,214.21
155.065,213.735
155.175,213.271
155.284,212.817
155.394,212.372
155.503,211.937
155.613,211.51
155.722,211.092
155.832,210.681
155.942,210.278
156.051,209.882
156.161,209.493
156.27,209.112
156.38,208.736
156.489,208.367
156.599,208.004
156.709,207.647
156.818,207.295
156.928,206.949
157.037,206.608
157.147,206.273
157.256,205.942
157.366,205.616
157.476,205.295
157.585,204.978
157.695,204.665
157.804,204.357
157.914,204.053
158.023,203.752
158.133,203.456
158.243,203.163
158.352,202.874
158.462,202.588
158.571,202.306
158.681,202.028
158.79,201.752
158.9,201.48
159.01,201.211
159.119,200.945
159.229,200.682
159.338,200.421
159.448,200.164
159.557,199.909
159.667,199.657
159.777,199.408
159.886,199.162
159.996,198.918
160.105,198.677
160.215,198.439
160.324,198.204
160.434,197.973
160.544,197.745
160.653,197.521
160.763,197.303
160.872,197.091
160.982,196.888
161.091,196.697
161.201,196.522
161.311,196.371
161.42,196.253
161.53,196.184
161.639,196.189
161.749,196.304
161.858,196.581
161.968,197.093
162.077,198.027
162.187,199.486
162.297,201.951
162.406,205.969
162.516,212.254
162.625,221.838
162.735,239.388
162.844,258.465
162.954,305.042
163.064,437.361
163.173,557.625
163.283,554.173
163.392,526.14
163.502,483.36
163.611,451.835
163.721,424.856
163.831,403.97
163.94,388.823
164.05,376.227
164.159,364.293
164.269,354.162
164.378,345.55
164.488,338.114
164.598,331.791
164.707,326.384
164.817,321.643
164.926,317.35
165.036,313.334
165.145,309.53
165.255,305.912
165.365,302.483
165.474,299.225
165.584,296.134
165.693,293.193
165.803,290.385
165.912,287.71
166.022,285.169
166.132,282.747
166.241,280.442
166.351,278.249
166.46,276.157
166.57,274.164
166.679,272.267
166.789,270.457
166.899,268.73
167.008,267.084
167.118,265.51
167.227,264.005
167.337,262.566
167.446,261.191
167.556,259.875
167.666,258.614
167.775,257.404
167.885,256.244
167.994,255.129
168.104,254.057
168.213,253.026
168.323,252.033
168.433,251.075
168.542,250.149
168.652,249.255
168.761,248.389
168.871,247.551
168.98,246.738
169.09,245.95
169.2,245.184
169.309,244.441
169.419,243.718
169.528,243.014
169.638,242.329
169.747,241.662
169.857,241.011
169.966,240.376
170.076,239.756
170.186,239.15
170.295,238.558
170.405,237.978
170.514,237.411
170.624,236.855
170.733,236.311
170.843,235.777
170.953,235.253
171.062,234.739
171.172,234.235
171.281,233.739
171.391,233.252
171.5,232.773
171.61,232.303
171.72,231.839
171.829,231.384
171.939,230.935
172.048,230.494
172.158,230.059
172.267,229.63
172.377,229.208
172.487,228.792
172.596,228.382
172.706,227.978
172.815,227.579
172.925,227.185
173.034,226.797
173.144,226.414
173.254,226.037
173.363,225.664
173.473,225.296
173.582,224.932
173.692,224.573
173.801,224.218
173.911,223.868
174.021,223.522
174.13,223.18
174.24,222.842
174.349,222.509
174.459,222.178
174.568,221.852
174.678,221.529
174.788,221.21
174.897,220.894
175.007,220.582
175.116,220.273
175.226,219.967
175.335,219.664
175.445,219.364
175.555,219.067
175.664,218.773
175.774,218.482
175.883,218.194
175.993,217.908
176.102,217.625
176.212,217.346
176.322,217.068
176.431,216.794
176.541,216.523
176.65,216.255
176.76,215.99
176.869,215.728
176.979,215.471
177.089,215.219
177.198,214.972
177.308,214.731
177.417,214.5
177.527,214.279
177.636,214.072
177.746,213.882
177.855,213.715
177.965,213.576
178.075,213.472
178.184,213.411
178.294,213.402
178.403,213.457
178.513,213.585
178.622,213.803
178.732,214.121
178.842,214.544
178.951,215.087
179.061,215.76
179.17,216.553
179.28,217.472
179.389,218.498
179.499,219.595
179.609,220.727
179.718,221.862
179.828,222.966
179.937,224.014
180.047,224.987
180.156,225.876
180.266,226.676
180.376,227.388
180.485,228.019
180.595,228.573
180.704,229.06
180.814,229.489
180.923,229.866
181.033,230.201
181.143,230.499
181.252,230.767
181.362,231.008
181.471,231.227
181.581,231.425
181.69,231.607
181.8,231.773
181.91,231.925
182.019,232.063
182.129,232.188
182.238,232.3
182.348,232.401
182.457,232.49
182.567,232.568
182.677,232.634
182.786,232.69
182.896,232.734
183.005,232.767
183.115,232.79
183.224,232.803
183.334,232.807
183.444,232.8
183.553,232.785
183.663,232.76
183.772,232.727
183.882,232.686
183.991,232.637
184.101,232.58
184.211,232.516
184.32,232.446
184.43,232.369
184.539,232.286
184.649,232.197
184.758,232.103
184.868,232.003
184.977,231.898
185.087,231.789
185.197,231.675
185.306,231.557
185.416,231.435
185.525,231.309
185.635,231.18
185.744,231.047
185.854,230.911
185.964,230.772
186.073,230.63
186.183,230.486
186.292,230.339
186.402,230.19
186.511,230.038
186.621,229.885
186.731,229.729
186.84,229.572
186.95,229.413
187.059,229.253
187.169,229.091
187.278,228.927
187.388,228.763
187.498,228.597
187.607,228.43
187.717,228.262
187.826,228.093
187.936,227.924
188.045,227.753
188.155,227.582
188.265,227.411
188.374,227.238
188.484,227.065
188.593,226.892
188.703,226.718
188.812,226.544
188.922,226.369
189.032,226.195
189.141,226.02
189.251,225.844
189.36,225.669
189.47,225.493
189.579,225.318
189.689,225.142
189.799,224.967
189.908,224.791
190.018,224.615
190.127,224.44
190.237,224.264
190.346,224.089
190.456,223.914
190.566,223.739
190.675,223.564
190.785,223.389
190.894,223.215
191.004,223.041
191.113,222.867
191.223,222.693
191.333,222.52
191.442,222.347
191.552,222.174
191.661,222.002
191.771,221.83
191.88,221.658
191.99,221.487
192.1,221.316
192.209,221.146
192.319,220.976
192.428,220.806
192.538,220.637
192.647,220.468
192.757,220.3
192.866,220.132
192.976,219.965
193.086,219.799
193.195,219.633
193.305,219.468
193.414,219.304
193.524,219.14
193.633,218.978
193.743,218.817
193.853,218.658
193.962,218.5
194.072,218.345
194.181,218.191
194.291,218.041
194.4,217.894
194.51,217.75
194.62,217.61
194.729,217.476
194.839,217.347
194.948,217.224
195.058,217.108
195.167,217
195.277,216.9
195.387,216.81
195.496,216.729
195.606,216.659
195.698,216.608
195.791,216.565
195.884,216.531
195.976,216.505
196.069,216.488
196.162,216.48
196.255,216.48
196.347,216.488
196.44,216.504
196.533,216.527
196.626,216.558
196.718,216.594
196.811,216.636
196.904,216.684
196.996,216.735
197.089,216.791
197.182,216.851
197.275,216.913
197.367,216.978
197.46,217.044
197.553,217.113
197.645,217.183
197.738,217.253
197.831,217.325
197.923,217.397
198.016,217.469
198.109,217.541
198.202,217.613
198.294,217.685
198.387,217.756
198.48,217.827
198.572,217.898
198.665,217.968
198.758,218.038
198.851,218.107
198.943,218.175
199.036,218.242
199.129,218.308
199.221,218.374
199.314,218.439
199.407,218.503
199.5,218.566
199.592,218.627
199.685,218.688
199.778,218.748
199.87,218.807
199.963,218.864
200.056,218.921
200.149,218.976
200.241,219.03
200.334,219.083
200.427,219.134
200.519,219.185
200.612,219.233
200.705,219.281
200.798,219.327
200.89,219.372
200.983,219.415
201.076,219.457
201.168,219.498
201.261,219.537
201.354,219.574
201.446,219.61
201.539,219.645
201.632,219.678
201.725,219.71
201.817,219.739
201.91,219.768
202.003,219.795
202.095,219.82
202.188,219.844
202.281,219.866
202.374,219.886
202.466,219.905
202.559,219.923
202.652,219.939
202.744,219.953
202.837,219.966
202.93,219.977
203.023,219.987
203.115,219.995
203.208,220.002
203.301,220.007
203.393,220.011
203.486,220.014
203.579,220.014
203.672,220.014
203.764,220.012
203.857,220.008
203.95,220.004
204.042,219.997
204.135,219.99
204.228,219.981
204.321,219.97
204.413,219.959
204.552,219.939
204.761,219.902
205.074,219.833
205.543,219.701
206.247,219.448
207.247,218.995
208.247,218.465
209.247,217.875
210.247,217.235
211.247,216.556
212.247,215.847
213.247,215.116
214.247,214.367
215.247,213.606
216.247,212.837
217.247,212.064
218.247,211.294
219.247,210.55
220.247,209.883
221.247,209.391
222.247,209.255
223.247,209.643
224.247,210.532
225.247,211.746
226.247,213.071
227.247,214.336
228.247,215.44
229.247,216.335
230.247,217.012
231.247,217.481
232.247,217.764
233.247,217.89
234.247,217.896
235.247,217.879
236.247,218.151
237.247,219.393
238.247,223.453
239.247,230.47
240.247,236.928
241.247,241.296
242.247,243.715
243.247,244.779
244.247,245.007
245.247,244.738
245.997,244.35
246.747,243.839
247.497,243.243
248.247,242.589
248.997,241.895
249.747,241.18
250.497,240.47
251.247,239.859
251.997,239.85
252.747,243.06
253.497,258.87
254.247,394.936
254.997,445.179
255.747,415.58
256.497,378.04
257.247,347.569
257.997,326.812
258.747,312.574
259.497,302.478
260.247,295.025
260.997,289.274
261.747,284.656
262.497,280.817
263.247,277.542
263.997,274.685
264.747,272.147
265.497,269.853
266.247,267.766
266.997,265.902
267.747,264.494
268.497,265.469
269.247,283.064
269.997,444.433
270.747,424.905
271.497,398.094
272.247,374.115
272.997,355.381
273.747,340.726
274.497,329.271
275.247,320.237
275.997,313.018
276.747,307.16
277.497,302.288
278.247,298.141
278.997,294.545
279.747,291.367
280.497,288.509
281.247,285.911
281.997,283.526
282.747,281.33
283.497,279.35
284.247,277.822
284.997,277.678
285.747,280.768
286.497,285.816
287.247,290.04
287.997,292.77
288.747,294.264
289.497,294.879
290.247,294.879
290.997,294.45
291.747,293.72
292.497,292.779
293.247,291.696
293.997,290.517
294.747,289.277
295.497,287.998
296.247,286.698
296.997,285.389
297.747,284.081
298.497,282.782
299.247,281.503
299.997,280.267
300.747,279.128
301.497,278.198
302.247,277.609
302.997,277.375
303.747,277.411
304.497,277.607
305.247,277.877
305.997,278.159
306.747,278.418
307.497,278.628
308.247,278.775
308.997,278.849
309.747,278.844
310.497,278.761
311.247,278.6
311.997,278.366
312.747,278.063
313.747,277.553
314.747,276.951
315.747,276.272
316.747,275.53
317.747,274.736
318.747,273.899
319.747,273.029
320.747,272.133
321.747,271.217
322.747,270.285
323.747,269.343
324.747,268.397
325.747,267.464
326.747,266.583
327.747,265.835
328.747,265.357
329.747,265.339
330.747,265.825
331.747,266.687
332.747,267.725
333.747,268.763
334.747,269.68
335.747,270.415
336.747,270.946
337.747,271.276
338.747,271.422
339.747,271.405
340.747,271.255
341.747,271.036
342.747,270.947
343.747,271.537
344.747,273.683
345.747,279.722
346.747,286.171
347.747,290.976
348.747,293.779
349.747,295.032
350.747,295.281
351.747,294.93
352.747,294.235
353.747,293.341
354.747,292.333
355.747,291.26
356.747,290.16
357.747,289.125
358.747,288.744
359.747,293.429
360.747,316.873
361.747,436.878
362.747,429.23
363.747,402.985
364.747,376.936
365.747,358.568
366.747,345.864
367.747,336.795
368.747,330.01
369.747,324.708
370.747,320.395
371.747,316.75
372.747,313.602
373.747,310.904
374.747,309.273
375.747,315.929
376.747,415.421
377.747,429.364
378.747,416.798
379.747,399.067
380.747,382.437
381.747,369.04
382.747,358.586
383.747,350.374
384.747,343.809
385.747,338.427
386.747,333.898
387.747,329.984
388.747,326.544
389.747,323.505
390.747,320.997
391.747,320.181
392.747,324.044
393.747,328.982
394.747,332.466
395.747,334.256
396.747,334.722
397.747,334.271
398.747,333.232
399.747,331.831
400.747,330.225
401.747,328.509
402.747,326.744
403.747,324.966
404.747,323.195
405.747,321.449
406.747,319.767
407.747,318.264
408.747,317.164
409.747,316.557
410.747,316.338
411.747,316.349
412.747,316.456
413.747,316.573
414.747,316.641
415.747,316.628
416.747,316.512
417.747,316.286
418.747,315.949
419.747,315.506
420.747,314.965
421.747,314.337
422.747,313.633
423.747,312.865
424.747,312.041
425.747,311.172
426.747,310.264
427.747,309.325
428.747,308.362
429.747,307.379
430.747,306.383
431.747,305.376
432.747,304.361
433.747,303.34
434.747,302.314
435.747,301.286
436.747,300.257
437.747,299.228
438.747,298.201
439.747,297.177
440.747,296.158
441.747,295.143
442.747,294.133
443.747,293.126
444.747,292.125
445.747,291.128
446.747,290.137
447.747,289.15
448.747,288.169
449.747,287.193
450.747,286.222
451.747,285.256
452.747,284.296
453.747,283.341
454.747,282.391
455.747,281.446
456.747,280.507
457.747,279.573
458.747,278.643
459.747,277.719
460.747,276.8
461.747,275.887
462.747,274.98
463.747,274.08
464.747,273.186
465.747,272.296
466.747,271.411
467.747,270.531
468.747,269.656
469.747,268.785
470.747,267.919
471.747,267.057
472.747,266.199
473.747,265.346
474.747,264.496
475.747,263.651
476.747,262.809
477.747,261.971
478.747,261.137
479.747,260.307
480.747,259.48
481.747,258.657
482.747,257.839
483.747,257.024
484.747,256.214
485.747,255.408
486.747,254.606
487.747,253.808
488.747,253.013
489.747,252.222
490.747,251.434
491.747,250.649
492.747,249.868
493.747,249.09
494.747,248.315
495.747,247.543
496.747,246.775
497.747,246.009
498.747,245.247
499.747,244.488
500.747,243.732
501.747,242.978
502.747,242.228
503.747,241.481
504.747,240.737
505.747,239.996
506.747,239.257
507.747,238.522
508.747,237.79
509.747,237.061
510.747,236.334
511.747,235.61
512.747,234.889
513.747,234.171
514.747,233.455
515.747,232.741
516.747,232.03
517.747,231.321
518.747,230.614
519.747,229.91
520.747,229.208
521.747,228.509
522.747,227.812
523.747,227.117
524.747,226.426
525.747,225.736
526.747,225.049
527.747,224.365
528.747,223.682
529.747,223.002
530.747,222.325
531.747,221.65
532.747,220.977
533.747,220.307
534.747,219.639
535.747,218.973
536.747,218.309
537.747,217.647
538.747,216.987
539.747,216.329
540.747,215.672
541.747,215.018
542.747,214.366
543.747,213.716
544.747,213.069
545.747,212.423
546.747,211.779
547.747,211.138
548.747,210.499
549.747,209.861
550.747,209.226
551.747,208.593
552.747,207.962
553.747,207.333
554.747,206.707
555.747,206.082
556.747,205.46
557.747,204.84
558.747,204.222
559.747,203.607
560.747,202.994
561.747,202.382
562.747,201.773
563.747,201.166
564.747,200.561
565.747,199.957
566.747,199.355
567.747,198.756
568.747,198.158
569.747,197.562
570.747,196.967
571.747,196.375
572.747,195.784
573.747,195.195
574.747,194.609
575.747,194.024
576.747,193.442
577.747,192.862
578.747,192.285
579.747,191.709
580.747,191.135
581.747,190.564
582.747,189.994
583.747,189.427
584.747,188.861
585.747,188.297
586.747,187.735
587.747,187.174
588.747,186.615
589.747,186.057
590.747,185.502
591.747,184.948
592.747,184.396
593.747,183.846
594.747,183.298
595.747,182.751
596.747,182.207
597.747,181.664
598.747,181.123
599.747,180.583
600.747,180.046
601.747,179.51
602.747,178.975
603.747,178.443
604.747,177.912
605.747,177.383
606.747,176.855
607.747,176.329
608.747,175.805
609.747,175.283
610.747,174.762
611.747,174.244
612.747,173.727
613.747,173.212
614.747,172.699
615.747,172.188
616.747,171.678
617.747,171.17
618.747,170.664
619.747,170.159
620.747,169.656
621.747,169.154
622.747,168.654
623.747,168.156
624.747,167.66
625.747,167.165
626.747,166.672
627.747,166.182
628.747,165.693
629.747,165.206
630.747,164.72
631.747,164.236
632.747,163.754
633.747,163.273
634.747,162.793
635.747,162.314
636.747,161.837
637.747,161.362
638.747,160.888
639.747,160.416
640.747,159.946
641.747,159.477
642.747,159.01
643.747,158.545
644.747,158.081
645.747,157.619
646.747,157.158
647.747,156.699
648.747,156.241
649.747,155.785
650.747,155.33
651.747,154.876
652.747,154.424
653.747,153.973
654.747,153.525
655.747,153.077
656.747,152.631
657.747,152.187
658.747,151.745
659.747,151.303
660.747,150.863
661.747,150.425
662.747,149.988
663.747,149.552
664.747,149.118
665.747,148.684
666.747,148.253
667.747,147.822
668.747,147.394
669.747,146.966
670.747,146.541
671.747,146.117
672.747,145.694
673.747,145.273
674.747,144.854
675.747,144.436
676.747,144.019
677.747,143.604
678.747,143.19
679.747,142.777
680.747,142.366
681.747,141.956
682.747,141.547
683.747,141.139
684.747,140.732
685.747,140.327
686.747,139.923
687.747,139.52
688.747,139.118
689.747,138.718
690.747,138.319
691.747,137.921
692.747,137.524
693.747,137.129
694.747,136.735
695.747,136.341
696.747,135.949
697.747,135.558
698.747,135.168
699.747,134.78
700.747,134.392
701.747,134.006
702.747,133.621
703.747,133.237
704.747,132.855
705.747,132.474
706.747,132.094
707.747,131.716
708.747,131.339
709.747,130.964
710.747,130.589
711.747,130.216
712.747,129.844
713.747,129.474
714.747,129.104
715.747,128.736
716.747,128.369
717.747,128.003
718.747,127.639
719.747,127.275
720.747,126.913
721.747,126.552
722.747,126.192
723.747,125.833
724.747,125.475
725.747,125.118
726.747,124.761
727.747,124.406
728.747,124.053
729.747,123.7
730.747,123.348
731.747,122.998
732.747,122.648
733.747,122.3
734.747,121.954
735.747,121.608
736.747,121.264
737.747,120.921
738.747,120.579
739.747,120.238
740.747,119.898
741.747,119.56
742.747,119.222
743.747,118.886
744.747,118.55
745.747,118.216
746.747,117.883
747.747,117.551
748.747,117.22
749.747,116.89
750.747,116.562
751.747,116.234
752.747,115.908
753.747,115.582
754.747,115.258
755.747,114.935
756.747,114.613
757.747,114.292
758.747,113.972
759.747,113.653
760.747,113.335
761.747,113.019
762.747,112.703
763.747,112.388
764.747,112.075
765.747,111.762
766.747,111.451
767.747,111.14
768.747,110.831
769.747,110.523
770.747,110.216
771.747,109.909
772.747,109.604
773.747,109.3
774.747,108.996
775.747,108.694
776.747,108.392
777.747,108.092
778.747,107.792
779.747,107.494
780.747,107.196
781.747,106.9
782.747,106.604
783.747,106.31
784.747,106.016
785.747,105.723
786.747,105.432
787.747,105.141
788.747,104.851
789.747,104.562
790.747,104.274
791.747,103.987
792.747,103.7
793.747,103.415
794.747,103.13
795.747,102.846
796.747,102.563
797.747,102.281
798.747,102
799.747,101.72
800.747,101.441
801.747,101.163
802.747,100.885
803.747,100.609
804.747,100.333
805.747,100.059
806.747,99.7847
807.747,99.5117
808.747,99.2396
809.747,98.9683
810.747,98.698
811.747,98.4285
812.747,98.1599
813.747,97.8922
814.747,97.6253
815.747,97.3594
816.747,97.0944
817.747,96.8302
818.747,96.5669
819.747,96.3045
820.747,96.0429
821.747,95.7822
822.747,95.5222
823.747,95.2631
824.747,95.0047
825.747,94.747
826.747,94.4902
827.747,94.2341
828.747,93.9788
829.747,93.7243
830.747,93.4706
831.747,93.2177
832.747,92.9656
833.747,92.7142
834.747,92.4637
835.747,92.2141
836.747,91.9652
837.747,91.7172
838.747,91.4701
839.747,91.2238
840.747,90.9783
841.747,90.7336
842.747,90.4896
843.747,90.2465
844.747,90.0041
845.747,89.7625
846.747,89.5217
847.747,89.2816
848.747,89.0424
849.747,88.8038
850.747,88.566
851.747,88.329
852.747,88.0927
853.747,87.8571
854.747,87.6223
855.747,87.3882
856.747,87.1547
857.747,86.9221
858.747,86.6901
859.747,86.4588
860.747,86.2282
861.747,85.9984
862.747,85.7693
863.747,85.5409
864.747,85.3132
865.747,85.0862
866.747,84.86
867.747,84.6346
868.747,84.4099
869.747,84.1859
870.747,83.9627
871.747,83.7403
872.747,83.5187
873.747,83.2979
874.747,83.0778
875.747,82.8585
876.747,82.6399
877.747,82.4221
878.747,82.2051
879.747,81.9888
880.747,81.7733
881.747,81.5585
882.747,81.3444
883.747,81.1311
884.747,80.9185
885.747,80.7066
886.747,80.4954
887.747,80.285
888.747,80.0753
889.747,79.8663
890.747,79.6579
891.747,79.4503
892.747,79.2434
893.747,79.0372
894.747,78.8316
895.747,78.6268
896.747,78.4225
897.747,78.2189
898.747,78.0159
899.747,77.8135
900.747,77.6118
901.747,77.4107
902.747,77.2102
903.747,77.0103
904.747,76.811
905.747,76.6124
906.747,76.4143
907.747,76.2169
908.747,76.0201
909.747,75.8239
910.747,75.6283
911.747,75.4334
912.747,75.2391
913.747,75.0454
914.747,74.8524
915.747,74.66
916.747,74.4683
917.747,74.2773
918.747,74.0869
919.747,73.8972
920.747,73.7081
921.747,73.5196
922.747,73.3319
923.747,73.1447
924.747,72.9582
925.747,72.7724
926.747,72.5872
927.747,72.4026
928.747,72.2186
929.747,72.0353
930.747,71.8526
931.747,71.6705
932.747,71.489
933.747,71.308
934.747,71.1277
935.747,70.9479
936.747,70.7687
937.747,70.5901
938.747,70.4122
939.747,70.2348
940.747,70.058
941.747,69.8818
942.747,69.7062
943.747,69.5312
944.747,69.3568
945.747,69.183
946.747,69.0097
947.747,68.8371
948.747,68.665
949.747,68.4935
950.747,68.3226
951.747,68.1523
952.747,67.9826
953.747,67.8135
954.747,67.6451
955.747,67.4771
956.747,67.3098
957.747,67.1429
958.747,66.9767
959.747,66.8109
960.747,66.6458
961.747,66.4811
962.747,66.317
963.747,66.1534
964.747,65.9903
965.747,65.8278
966.747,65.6658
967.747,65.5043
968.747,65.3434
969.747,65.1829
970.747,65.023
971.747,64.8637
972.747,64.7048
973.747,64.5465
974.747,64.3886
975.747,64.2314
976.747,64.0746
977.747,63.9184
978.747,63.7626
979.747,63.6074
980.747,63.4528
981.747,63.2987
982.747,63.1451
983.747,62.992
984.747,62.8394
985.747,62.6874
986.747,62.5359
987.747,62.3849
988.747,62.2345
989.747,62.0846
990.747,61.9351
991.747,61.7862
992.747,61.6378
993.747,61.4899
994.747,61.3425
995.747,61.1957
996.747,61.0493
997.747,60.9034
998.747,60.758
999.747,60.6132
1000.75,60.4688
1001.75,60.3249
1002.75,60.1814
1003.75,60.0385
1004.75,59.896
1005.75,59.7541
1006.75,59.6125
1007.75,59.4715
1008.75,59.331
1009.75,59.1909
1010.75,59.0512
1011.75,58.9121
1012.75,58.7734
1013.75,58.6352
1014.75,58.4974
1015.75,58.3601
1016.75,58.2233
1017.75,58.0869
1018.75,57.951
1019.75,57.8156
1020.75,57.6806
1021.75,57.546
1022.75,57.412
1023.75,57.2784
1024.75,57.1452
1025.75,57.0125
1026.75,56.8803
1027.75,56.7485
1028.75,56.6172
1029.75,56.4863
1030.75,56.356
1031.75,56.2261
1032.75,56.0966
1033.75,55.9677
1034.75,55.8391
1035.75,55.7111
1036.75,55.5835
1037.75,55.4563
1038.75,55.3296
1039.75,55.2034
1040.75,55.0776
1041.75,54.9522
1042.75,54.8273
1043.75,54.7028
1044.75,54.5788
1045.75,54.4551
1046.75,54.3319
1047.75,54.2092
1048.75,54.0868
1049.75,53.9649
1050.75,53.8434
1051.75,53.7223
1052.75,53.6016
1053.75,53.4814
1054.75,53.3616
1055.75,53.2422
1056.75,53.1233
1057.75,53.0047
1058.75,52.8866
1059.75,52.7688
1060.75,52.6515
1061.75,52.5346
1062.75,52.4181
1063.75,52.302
1064.75,52.1864
1065.75,52.0711
1066.75,51.9562
1067.75,51.8418
1068.75,51.7277
1069.75,51.614
1070.75,51.5008
1071.75,51.3879
1072.75,51.2755
1073.75,51.1634
1074.75,51.0518
1075.75,50.9405
1076.75,50.8297
1077.75,50.7193
1078.75,50.6092
1079.75,50.4996
1080.75,50.3903
1081.75,50.2815
1082.75,50.173
1083.75,50.0649
1084.75,49.9572
1085.75,49.8499
1086.75,49.743
1087.75,49.6365
1088.75,49.5303
1089.75,49.4246
1090.75,49.3192
1091.75,49.2142
1092.75,49.1096
1093.75,49.0053
1094.75,48.9015
1095.75,48.798
1096.75,48.6948
1097.75,48.5921
1098.75,48.4897
1099.75,48.3877
1100.75,48.2861
1101.75,48.1848
1102.75,48.0839
1103.75,47.9834
1104.75,47.8832
1105.75,47.7833
1106.75,47.6839
1107.75,47.5847
1108.75,47.4859
1109.75,47.3875
1110.75,47.2894
1111.75,47.1916
1112.75,47.0942
1113.75,46.9972
1114.75,46.9005
1115.75,46.8041
1116.75,46.7081
1117.75,46.6124
1118.75,46.5171
1119.75,46.4221
1120.75,46.3275
1121.75,46.2332
1122.75,46.1392
1123.75,46.0456
1124.75,45.9523
1125.75,45.8593
1126.75,45.7667
1127.75,45.6744
1128.75,45.5824
1129.75,45.4908
1130.75,45.3995
1131.75,45.3085
1132.75,45.2179
1133.75,45.1275
1134.75,45.0375
1135.75,44.9479
1136.75,44.8585
1137.75,44.7695
1138.75,44.6807
1139.75,44.5923
1140.75,44.5043
1141.75,44.4165
1142.75,44.3291
1143.75,44.2419
1144.75,44.1551
1145.75,44.0687
1146.75,43.9825
1147.75,43.8967
1148.75,43.8111
1149.75,43.7259
1150.75,43.641
1151.75,43.5564
1152.75,43.4721
1153.75,43.3881
1154.75,43.3044
1155.75,43.221
1156.75,43.1379
1157.75,43.0551
1158.75,42.9726
1159.75,42.8904
1160.75,42.8085
1161.75,42.7269
1162.75,42.6455
1163.75,42.5645
1164.75,42.4838
1165.75,42.4033
1166.75,42.3232
1167.75,42.2433
1168.75,42.1637
1169.75,42.0844
1170.75,42.0054
1171.75,41.9267
1172.75,41.8483
1173.75,41.7701
1174.75,41.6922
1175.75,41.6146
1176.75,41.5373
1177.75,41.4603
1178.75,41.3835
1179.75,41.307
1180.75,41.2308
1181.75,41.1549
1182.75,41.0792
1183.75,41.0038
1184.75,40.9287
1185.75,40.8538
1186.75,40.7792
1187.75,40.7049
1188.75,40.6308
1189.75,40.5569
1190.75,40.4834
1191.75,40.4101
1192.75,40.3371
1193.75,40.2643
1194.75,40.1918
1195.75,40.1195
1196.75,40.0475
1197.75,39.9758
1198.75,39.9043
1199.75,39.8331
1200.75,39.7621
1201.75,39.6914
1202.75,39.6209
1203.75,39.5507
1204.75,39.4807
1205.75,39.411
1206.75,39.3415
1207.75,39.2723
1208.75,39.2034
1209.75,39.1346
1210.75,39.0662
1211.75,38.9979
1212.75,38.9299
1213.75,38.8622
1214.75,38.7947
1215.75,38.7275
1216.75,38.6604
1217.75,38.5937
1218.75,38.5271
1219.75,38.4608
1220.75,38.3948
1221.75,38.3289
1222.75,38.2633
1223.75,38.198
1224.75,38.1329
1225.75,38.068
1226.75,38.0033
1227.75,37.9389
1228.75,37.8747
1229.75,37.8108
1230.75,37.747
1231.75,37.6835
1232.75,37.6202
1233.75,37.5572
1234.75,37.4944
1235.75,37.4318
1236.75,37.3694
1237.75,37.3073
1238.75,37.2454
1239.75,37.1837
1240.75,37.1223
1241.75,37.061
1242.75,37
1243.75,36.9392
1244.75,36.8786
1245.75,36.8183
1246.75,36.7581
1247.75,36.6982
1248.75,36.6385
1249.75,36.579
1250.75,36.5197
1251.75,36.4606
1252.75,36.4018
1253.75,36.3431
1254.75,36.2847
1255.75,36.2265
1256.75,36.1685
1257.75,36.1106
1258.75,36.053
1259.75,35.9956
1260.75,35.9385
1261.75,35.8815
1262.75,35.8247
1263.75,35.7681
1264.75,35.7118
1265.75,35.6556
1266.75,35.5996
1267.75,35.5438
1268.75,35.4883
1269.75,35.4329
1270.75,35.3777
1271.75,35.3228
1272.75,35.268
1273.75,35.2134
1274.75,35.159
1275.75,35.1048
1276.75,35.0508
1277.75,34.997
1278.75,34.9434
1279.75,34.89
1280.75,34.8368
1281.75,34.7838
1282.75,34.7309
1283.75,34.6783
1284.75,34.6258
1285.75,34.5735
1286.75,34.5214
1287.75,34.4695
1288.75,34.4178
1289.75,34.3663
1290.75,34.3149
1291.75,34.2638
1292.75,34.2128
1293.75,34.162
1294.75,34.1114
1295.75,34.061
1296.75,34.0107
1297.75,33.9606
1298.75,33.9107
1299.75,33.861
1300.75,33.8115
1301.75,33.7621
1302.75,33.7129
1303.75,33.6639
1304.75,33.6151
1305.75,33.5664
1306.75,33.518
1307.75,33.4696
1308.75,33.4215
1309.75,33.3735
1310.75,33.3258
1311.75,33.2781
1312.75,33.2307
1313.75,33.1834
1314.75,33.1363
1315.75,33.0893
1316.75,33.0426
1317.75,32.996
1318.75,32.9495
1319.75,32.9032
1320.75,32.8571
1321.75,32.8112
1322.75,32.7654
1323.75,32.7198
1324.75,32.6743
1325.75,32.6291
1326.75,32.5839
1327.75,32.539
1328.75,32.4942
1329.75,32.4495
1330.75,32.405
1331.75,32.3607
1332.75,32.3165
1333.75,32.2725
1334.75,32.2287
1335.75,32.185
1336.75,32.1414
1337.75,32.0981
1338.75,32.0548
1339.75,32.0118
1340.75,31.9688
1341.75,31.9261
1342.75,31.8835
1343.75,31.841
1344.75,31.7987
1345.75,31.7565
1346.75,31.7145
1347.75,31.6727
1348.75,31.631
1349.75,31.5894
1350.75,31.548
1351.75,31.5068
1352.75,31.4656
1353.75,31.4247
1354.75,31.3839
1355.75,31.3432
1356.75,31.3027
1357.75,31.2623
1358.75,31.222
1359.75,31.182
1360.75,31.142
1361.75,31.1022
1362.75,31.0625
1363.75,31.023
1364.75,30.9836
1365.75,30.9444
1366.75,30.9053
1367.75,30.8663
1368.75,30.8275
1369.75,30.7888
1370.75,30.7503
1371.75,30.7119
1372.75,30.6736
1373.75,30.6355
1374.75,30.5975
1375.75,30.5596
1376.75,30.5219
1377.75,30.4843
1378.75,30.4468
1379.75,30.4095
1380.75,30.3723
1381.75,30.3352
1382.75,30.2983
1383.75,30.2615
1384.75,30.2248
1385.75,30.1883
1386.75,30.1519
1387.75,30.1156
1388.75,30.0795
1389.75,30.0434
1390.75,30.0076
1391.75,29.9718
1392.75,29.9362
1393.75,29.9007
1394.75,29.8653
1395.75,29.83
1396.75,29.7949
1397.75,29.7599
1398.75,29.725
1399.75,29.6903
1400.75,29.6556
1401.75,29.6211
1402.75,29.5867
1403.75,29.5525
1404.75,29.5184
1405.75,29.4843
1406.75,29.4504
1407.75,29.4167
1408.75,29.383
1409.75,29.3495
1410.75,29.3161
1411.75,29.2828
1412.75,29.2496
1413.75,29.2166
1414.75,29.1836
1415.75,29.1508
1416.75,29.1181
1417.75,29.0855
1418.75,29.0531
1419.75,29.0207
1420.75,28.9885
1421.75,28.9564
1422.75,28.9243
1423.75,28.8925
1424.75,28.8607
1425.75,28.829
1426.75,28.7975
1427.75,28.766
1428.75,28.7347
1429.75,28.7035
1430.75,28.6724
1431.75,28.6414
1432.75,28.6105
1433.75,28.5798
1434.75,28.5491
1435.75,28.5185
1436.75,28.4881
1437.75,28.4578
1438.75,28.4276
1439.75,28.3974
1440.75,28.3674
1441.75,28.3375
1442.75,28.3077
1443.75,28.2781
1444.75,28.2485
1445.75,28.219
1446.75,28.1896
1447.75,28.1604
1448.75,28.1312
1449.75,28.1022
1450.75,28.0732
1451.75,28.0444
1452.75,28.0156
1453.75,27.987
1454.75,27.9584
1455.75,27.93
1456.75,27.9017
1457.75,27.8734
1458.75,27.8453
1459.75,27.8173
1460.75,27.7893
1461.75,27.7615
1462.75,27.7338
1463.75,27.7061
1464.75,27.6786
1465.75,27.6512
1466.75,27.6238
1467.75,27.5966
1468.75,27.5695
1469.75,27.5424
1470.75,27.5155
1471.75,27.4886
1472.75,27.4619
1473.75,27.4352
1474.75,27.4086
1475.75,27.3822
1476.75,27.3558
1477.75,27.3295
1478.75,27.3033
1479.75,27.2772
1480.75,27.2512
1481.75,27.2253
1482.75,27.1995
1483.75,27.1738
1484.75,27.1481
1485.75,27.1226
1486.75,27.0972
1487.75,27.0718
1488.75,27.0466
1489.75,27.0214
1490.75,26.9963
1491.75,26.9713
1492.75,26.9464
1493.75,26.9216
1494.75,26.8969
1495.75,26.8722
1496.75,26.8477
1497.75,26.8232
1498.75,26.7989
1499.75,26.7746
1500.75,26.7504
1501.75,26.7263
1502.75,26.7023
1503.75,26.6783
1504.75,26.6545
1505.75,26.6307
1506.75,26.607
1507.75,26.5834
1508.75,26.5599
1509.75,26.5365
1510.75,26.5131
1511.75,26.4899
1512.75,26.4667
1513.75,26.4436
1514.75,26.4206
1515.75,26.3977
1516.75,26.3748
1517.75,26.352
1518.75,26.3294
1519.75,26.3068
1520.75,26.2842
1521.75,26.2618
1522.75,26.2394
1523.75,26.2171
1524.75,26.1949
1525.75,26.1728
1526.75,26.1508
1527.75,26.1288
1528.75,26.1069
1529.75,26.0851
1530.75,26.0634
1531.75,26.0417
1532.75,26.0201
1533.75,25.9987
1534.75,25.9772
1535.75,25.9559
1536.75,25.9346
1537.75,25.9134
1538.75,25.8923
1539.75,25.8713
1540.75,25.8503
1541.75,25.8294
1542.75,25.8086
1543.75,25.7878
1544.75,25.7672
1545.75,25.7466
1546.75,25.7261
1547.75,25.7056
1548.75,25.6852
1549.75,25.6649
1550.75,25.6447
1551.75,25.6246
1552.75,25.6045
1553.75,25.5845
1554.75,25.5645
1555.75,25.5446
1556.75,25.5248
1557.75,25.5051
1558.75,25.4855
1559.75,25.4659
1560.75,25.4464
1561.75,25.4269
1562.75,25.4075
1563.75,25.3882
1564.75,25.369
1565.75,25.3498
1566.75,25.3307
1567.75,25.3117
1568.75,25.2927
1569.75,25.2738
1570.75,25.255
1571.75,25.2362
1572.75,25.2175
1573.75,25.1989
1574.75,25.1803
1575.75,25.1618
1576.75,25.1434
1577.75,25.125
1578.75,25.1067
1579.75,25.0885
1580.75,25.0703
1581.75,25.0522
1582.75,25.0342
1583.75,25.0162
1584.75,24.9983
1585.75,24.9804
1586.75,24.9627
1587.75,24.9449
1588.75,24.9273
1589.75,24.9097
1590.75,24.8922
1591.75,24.8747
1592.75,24.8573
1593.75,24.8399
1594.75,24.8227
1595.75,24.8054
1596.75,24.7883
1597.75,24.7712
1598.75,24.7542
1599.75,24.7372
1600.75,24.7203
1601.75,24.7034
1602.75,24.6866
1603.75,24.6699
1604.75,24.6532
1605.75,24.6366
1606.75,24.62
1607.75,24.6035
1608.75,24.5871
1609.75,24.5707
1610.75,24.5544
1611.75,24.5382
1612.75,24.522
1613.75,24.5058
1614.75,24.4897
1615.75,24.4737
1616.75,24.4577
1617.75,24.4418
1618.75,24.4259
1619.75,24.4101
1620.75,24.3944
1621.75,24.3787
1622.75,24.3631
1623.75,24.3475
1624.75,24.332
1625.75,24.3165
1626.75,24.3011
1627.75,24.2857
1628.75,24.2704
1629.75,24.2552
1630.75,24.24
1631.75,24.2249
1632.75,24.2098
1633.75,24.1947
1634.75,24.1798
1635.75,24.1648
1636.75,24.15
1637.75,24.1352
1638.75,24.1204
1639.75,24.1057
1640.75,24.091
1641.75,24.0764
1642.75,24.0619
1643.75,24.0474
1644.75,24.0329
1645.75,24.0185
1646.75,24.0042
1647.75,23.9899
1648.75,23.9756
1649.75,23.9614
1650.75,23.9473
1651.75,23.9332
1652.75,23.9192
1653.75,23.9052
1654.75,23.8912
1655.75,23.8773
1656.75,23.8635
1657.75,23.8497
1658.75,23.836
1659.75,23.8223
1660.75,23.8086
1661.75,23.795
1662.75,23.7815
1663.75,23.768
1664.75,23.7545
1665.75,23.7411
1666.75,23.7278
1667.75,23.7144
1668.75,23.7012
1669.75,23.688
1670.75,23.6748
1671.75,23.6617
1672.75,23.6486
1673.75,23.6356
1674.75,23.6226
1675.75,23.6097
1676.75,23.5968
1677.75,23.5839
1678.75,23.5712
1679.75,23.5584
1680.75,23.5457
1681.75,23.533
1682.75,23.5204
1683.75,23.5079
1684.75,23.4953
1685.75,23.4829
1686.75,23.4704
1687.75,23.458
1688.75,23.4457
1689.75,23.4334
1690.75,23.4211
1691.75,23.4089
1692.75,23.3967
1693.75,23.3846
1694.75,23.3725
1695.75,23.3605
1696.75,23.3485
1697.75,23.3365
1698.75,23.3246
1699.75,23.3128
1700.75,23.3009
1701.75,23.2892
1702.75,23.2774
1703.75,23.2657
1704.75,23.2541
1705.75,23.2424
1706.75,23.2309
1707.75,23.2193
1708.75,23.2078
1709.75,23.1964
1710.75,23.185
1711.75,23.1736
1712.75,23.1623
1713.75,23.151
1714.75,23.1397
1715.75,23.1285
1716.75,23.1174
1717.75,23.1062
1718.75,23.0951
1719.75,23.0841
1720.75,23.0731
1721.75,23.0621
1722.75,23.0512
1723.75,23.0403
1724.75,23.0294
1725.75,23.0186
1726.75,23.0078
1727.75,22.9971
1728.75,22.9864
1729.75,22.9757
1730.75,22.9651
1731.75,22.9545
1732.75,22.944
1733.75,22.9335
1734.75,22.923
1735.75,22.9126
1736.75,22.9022
1737.75,22.8918
1738.75,22.8815
1739.75,22.8712
1740.75,22.861
1741.75,22.8507
1742.75,22.8406
1743.75,22.8304
1744.75,22.8203
1745.75,22.8103
1746.75,22.8002
1747.75,22.7902
1748.75,22.7803
1749.75,22.7703
1750.75,22.7605
1751.75,22.7506
1752.75,22.7408
1753.75,22.731
1754.75,22.7213
1755.75,22.7115
1756.75,22.7019
1757.75,22.6922
1758.75,22.6826
1759.75,22.673
1760.75,22.6635
1761.75,22.654
1762.75,22.6445
1763.75,22.6351
1764.75,22.6257
1765.75,22.6163
1766.75,22.6069
1767.75,22.5976
1768.75,22.5884
1769.75,22.5791
1770.75,22.5699
1771.75,22.5607
1772.75,22.5516
1773.75,22.5425
1774.75,22.5334
1775.75,22.5244
1776.75,22.5154
1777.75,22.5064
1778.75,22.4974
1779.75,22.4885
1780.75,22.4796
1781.75,22.4708
1782.75,22.462
1783.75,22.4532
1784.75,22.4444
1785.75,22.4357
1786.75,22.427
1787.75,22.4183
1788.75,22.4097
1789.75,22.4011
1790.75,22.3925
1791.75,22.384
1792.75,22.3755
1793.75,22.367
1794.75,22.3586
1795.75,22.3501
1796.75,22.3418
1797.75,22.3334
1798.75,22.3251
1799.75,22.3168
1800.75,22.3085
1801.75,22.3003
1802.75,22.292
1803.75,22.2839
1804.75,22.2757
1805.75,22.2676
1806.75,22.2595
1807.75,22.2514
1808.75,22.2434
1809.75,22.2354
1810.75,22.2274
1811.75,22.2195
1812.75,22.2115
1813.75,22.2036
1814.75,22.1958
1815.75,22.1879
1816.75,22.1801
1817.75,22.1723
1818.75,22.1646
1819.75,22.1569
1820.75,22.1492
1821.75,22.1415
1822.75,22.1338
1823.75,22.1262
1824.75,22.1186
1825.75,22.1111
1826.75,22.1035
1827.75,22.096
1828.75,22.0886
1829.75,22.0811
1830.75,22.0737
1831.75,22.0663
1832.75,22.0589
1833.75,22.0515
1834.75,22.0442
1835.75,22.0369
1836.75,22.0297
1837.75,22.0224
1838.75,22.0152
1839.75,22.008
1840.75,22.0008
1841.75,21.9937
1842.75,21.9866
1843.75,21.9795
1844.75,21.9724
1845.75,21.9654
1846.75,21.9584
1847.75,21.9514
1848.75,21.9444
1849.75,21.9375
1850.75,21.9305
1851.75,21.9237
1852.75,21.9168
1853.75,21.9099
1854.75,21.9031
1855.75,21.8963
1856.75,21.8896
1857.75,21.8828
1858.75,21.8761
1859.75,21.8694
1860.75,21.8627
1861.75,21.8561
1862.75,21.8495
1863.75,21.8429
1864.75,21.8363
1865.75,21.8297
1866.75,21.8232
1867.75,21.8167
1868.75,21.8102
1869.75,21.8037
1870.75,21.7973
1871.75,21.7909
1872.75,21.7845
1873.75,21.7781
1874.75,21.7718
1875.75,21.7655
1876.75,21.7592
1877.75,21.7529
1878.75,21.7466
1879.75,21.7404
1880.75,21.7342
1881.75,21.728
1882.75,21.7218
1883.75,21.7157
1884.75,21.7095
1885.75,21.7034
1886.75,21.6974
1887.75,21.6913
1888.75,21.6853
1889.75,21.6793
1890.75,21.6733
1891.75,21.6673
1892.75,21.6613
1893.75,21.6554
1894.75,21.6495
1895.75,21.6436
1896.75,21.6377
1897.75,21.6319
1898.75,21.6261
1899.75,21.6203
1900.75,21.6145
1901.75,21.6087
1902.75,21.603
1903.75,21.5973
1904.75,21.5916
1905.75,21.5859
1906.75,21.5802
1907.75,21.5746
1908.75,21.569
1909.75,21.5634
1910.75,21.5578
1911.75,21.5522
1912.75,21.5467
1913.75,21.5412
1914.75,21.5357
1915.75,21.5302
1916.75,21.5247
1917.75,21.5193
1918.75,21.5139
1919.75,21.5084
1920.75,21.5031
1921.75,21.4977
1922.75,21.4924
1923.75,21.487
1924.75,21.4817
1925.75,21.4764
1926.75,21.4712
1927.75,21.4659
1928.75,21.4607
1929.75,21.4555
1930.75,21.4503
1931.75,21.4451
1932.75,21.4399
1933.75,21.4348
1934.75,21.4297
1935.75,21.4246
1936.75,21.4195
1937.75,21.4144
1938.75,21.4094
1939.75,21.4043
1940.75,21.3993
1941.75,21.3943
1942.75,21.3894
1943.75,21.3844
1944.75,21.3795
1945.75,21.3745
1946.75,21.3696
1947.75,21.3647
1948.75,21.3599
1949.75,21.355
1950.75,21.3502
1951.75,21.3454
1952.75,21.3406
1953.75,21.3358
1954.75,21.331
1955.75,21.3263
1956.75,21.3215
1957.75,21.3168
1958.75,21.3121
1959.75,21.3074
1960.75,21.3028
1961.75,21.2981
1962.75,21.2935
1963.75,21.2889
1964.75,21.2843
1965.75,21.2797
1966.75,21.2751
1967.75,21.2706
1968.75,21.266
1969.75,21.2615
1970.75,21.257
1971.75,21.2525
1972.75,21.248
1973.75,21.2436
1974.75,21.2391
1975.75,21.2347
1976.75,21.2303
1977.75,21.2259
1978.75,21.2216
1979.75,21.2172
1980.75,21.2128
1981.75,21.2085
1982.75,21.2042
1983.75,21.1999
1984.75,21.1956
1985.75,21.1914
1986.75,21.1871
1987.75,21.1829
1988.75,21.1786
1989.75,21.1744
1990.75,21.1702
1991.75,21.1661
1992.75,21.1619
1993.75,21.1578
1994.75,21.1536
1995.75,21.1495
1996.75,21.1454
1997.75,21.1413
1998.75,21.1373
1999.75,21.1332
2000.75,21.1291
2001.75,21.1251
2002.75,21.1211
2003.75,21.1171
2004.75,21.1131
2005.75,21.1091
2006.75,21.1052
2007.75,21.1012
2008.75,21.0973
2009.75,21.0934
2010.75,21.0895
2011.75,21.0856
2012.75,21.0817
2013.75,21.0779
2014.75,21.074
2015.75,21.0702
2016.75,21.0664
2017.75,21.0626
2018.75,21.0588
2019.75,21.055
2020.75,21.0512
2021.75,21.0475
2022.75,21.0437
2023.75,21.04
2024.75,21.0363
2025.75,21.0326
2026.75,21.0289
2027.75,21.0252
2028.75,21.0216
2029.75,21.0179
2030.75,21.0143
2031.75,21.0107
2032.75,21.0071
2033.75,21.0035
2034.75,20.9999
2035.75,20.9963
2036.75,20.9928
2037.75,20.9892
2038.75,20.9857
2039.75,20.9822
2040.75,20.9787
2041.75,20.9752
2042.75,20.9717
2043.75,20.9682
2044.75,20.9648
2045.75,20.9613
2046.75,20.9579
2047.75,20.9545
2048.75,20.9511
2049.75,20.9477
2050.75,20.9443
2051.75,20.9409
2052.75,20.9376
2053.75,20.9342
2054.75,20.9309
2055.75,20.9276
2056.75,20.9243
2057.75,20.921
2058.75,20.9177
2059.75,20.9144
2060.75,20.9111
2061.75,20.9079
2062.75,20.9046
2063.75,20.9014
2064.75,20.8982
2065.75,20.895
2066.75,20.8918
2067.75,20.8886
2068.75,20.8854
2069.75,20.8823
2070.75,20.8791
2071.75,20.876
2072.75,20.8729
2073.75,20.8698
2074.75,20.8667
2075.75,20.8636
2076.75,20.8605
2077.75,20.8574
2078.75,20.8543
2079.75,20.8513
2080.75,20.8483
2081.75,20.8452
2082.75,20.8422
2083.75,20.8392
2084.75,20.8362
2085.75,20.8332
2086.75,20.8303
2087.75,20.8273
2088.75,20.8243
2089.75,20.8214
2090.75,20.8185
2091.75,20.8155
2092.75,20.8126
2093.75,20.8097
2094.75,20.8068
2095.75,20.804
2096.75,20.8011
2097.75,20.7982
2098.75,20.7954
2099.75,20.7925
2100.75,20.7897
2101.75,20.7869
2102.75,20.7841
2103.75,20.7813
2104.75,20.7785
2105.75,20.7757
2106.75,20.773
2107.75,20.7702
2108.75,20.7675
2109.75,20.7647
2110.75,20.762
2111.75,20.7593
2112.75,20.7566
2113.75,20.7539
2114.75,20.7512
2115.75,20.7485
2116.75,20.7458
2117.75,20.7432
2118.75,20.7405
2119.75,20.7379
2120.75,20.7352
2121.75,20.7326
2122.75,20.73
2123.75,20.7274
2124.75,20.7248
2125.75,20.7222
2126.75,20.7196
2127.75,20.7171
2128.75,20.7145
2129.75,20.7119
2130.75,20.7094
2131.75,20.7069
2132.75,20.7043
2133.75,20.7018
2134.75,20.6993
2135.75,20.6968
2136.75,20.6943
2137.75,20.6919
2138.75,20.6894
2139.75,20.6869
2140.75,20.6845
2141.75,20.682
2142.75,20.6796
2143.75,20.6772
2144.75,20.6748
2145.75,20.6724
2146.75,20.67
2147.75,20.6676
2148.75,20.6652
2149.75,20.6628
2150.75,20.6604
2151.75,20.6581
2152.75,20.6557
2153.75,20.6534
2154.75,20.6511
2155.75,20.6487
2156.75,20.6464
2157.75,20.6441
2158.75,20.6418
2159.75,20.6395
2160.75,20.6372
2161.75,20.635
2162.75,20.6327
2163.75,20.6305
2164.75,20.6282
2165.75,20.626
2166.75,20.6237
2167.75,20.6215
2168.75,20.6193
2169.75,20.6171
2170.75,20.6149
2171.75,20.6127
2172.75,20.6105
2173.75,20.6083
2174.75,20.6061
2175.75,20.604
2176.75,20.6018
2177.75,20.5997
2178.75,20.5975
2179.75,20.5954
2180.75,20.5933
2181.75,20.5912
2182.75,20.589
2183.75,20.5869
2184.75,20.5849
2185.75,20.5828
2186.75,20.5807
2187.75,20.5786
2188.75,20.5765
2189.75,20.5745
2190.75,20.5724
2191.75,20.5704
2192.75,20.5684
2193.75,20.5663
2194.75,20.5643
2195.75,20.5623
2196.75,20.5603
2197.75,20.5583
2198.75,20.5563
2199.75,20.5543
2200.75,20.5523
2201.75,20.5504
2202.75,20.5484
2203.75,20.5464
2204.75,20.5445
2205.75,20.5425
2206.75,20.5406
2207.75,20.5387
2208.75,20.5368
2209.75,20.5348
2210.75,20.5329
2211.75,20.531
2212.75,20.5291
2213.75,20.5272
2214.75,20.5254
2215.75,20.5235
2216.75,20.5216
2217.75,20.5198
2218.75,20.5179
2219.75,20.5161
2220.75,20.5142
2221.75,20.5124
2222.75,20.5106
2223.75,20.5087
2224.75,20.5069
2225.75,20.5051
2226.75,20.5033
2227.75,20.5015
2228.75,20.4997
2229.75,20.4979
2230.75,20.4962
2231.75,20.4944
2232.75,20.4926
2233.75,20.4909
2234.75,20.4891
2235.75,20.4874
2236.75,20.4856
2237.75,20.4839
2238.75,20.4822
2239.75,20.4804
2240.75,20.4787
2241.75,20.477
2242.75,20.4753
2243.75,20.4736
2244.75,20.4719
2245.75,20.4703
2246.75,20.4686
2247.75,20.4669
2248.75,20.4652
2249.75,20.4636
2250.75,20.4619
2251.75,20.4603
2252.75,20.4586
2253.75,20.457
2254.75,20.4554
2255.75,20.4537
2256.75,20.4521
2257.75,20.4505
2258.75,20.4489
2259.75,20.4473
2260.75,20.4457
2261.75,20.4441
2262.75,20.4425
2263.75,20.4409
2264.75,20.4394
2265.75,20.4378
2266.75,20.4362
2267.75,20.4347
2268.75,20.4331
2269.75,20.4316
2270.75,20.43
2271.75,20.4285
2272.75,20.427
2273.75,20.4255
2274.75,20.4239
2275.75,20.4224
2276.75,20.4209
2277.75,20.4194
2278.75,20.4179
2279.75,20.4164
2280.75,20.4149
2281.75,20.4135
2282.75,20.412
2283.75,20.4105
2284.75,20.409
2285.75,20.4076
2286.75,20.4061
2287.75,20.4047
2288.75,20.4032
2289.75,20.4018
2290.75,20.4004
2291.75,20.3989
2292.75,20.3975
2293.75,20.3961
2294.75,20.3947
2295.75,20.3933
2296.75,20.3919
2297.75,20.3905
2298.75,20.3891
2299.75,20.3877
2300.75,20.3863
2301.75,20.3849
2302.75,20.3836
2303.75,20.3822
2304.75,20.3808
2305.75,20.3795
2306.75,20.3781
2307.75,20.3768
2308.75,20.3754
2309.75,20.3741
2310.75,20.3727
2311.75,20.3714
2312.75,20.3701
2313.75,20.3688
2314.75,20.3674
2315.75,20.3661
2316.75,20.3648
2317.75,20.3635
2318.75,20.3622
2319.75,20.3609
2320.75,20.3596
2321.75,20.3584
2322.75,20.3571
2323.75,20.3558
2324.75,20.3545
2325.75,20.3533
2326.75,20.352
2327.75,20.3508
2328.75,20.3495
2329.75,20.3483
2330.75,20.347
2331.75,20.3458
2332.75,20.3445
2333.75,20.3433
2334.75,20.3421
2335.75,20.3409
2336.75,20.3397
2337.75,20.3384
2338.75,20.3372
2339.75,20.336
2340.75,20.3348
2341.75,20.3336
2342.75,20.3324
2343.75,20.3313
2344.75,20.3301
2345.75,20.3289
2346.75,20.3277
2347.75,20.3266
2348.75,20.3254
2349.75,20.3242
2350.75,20.3231
2351.75,20.3219
2352.75,20.3208
2353.75,20.3196
2354.75,20.3185
2355.75,20.3173
2356.75,20.3162
2357.75,20.3151
2358.75,20.314
2359.75,20.3128
2360.75,20.3117
2361.75,20.3106
2362.75,20.3095
2363.75,20.3084
2364.75,20.3073
2365.75,20.3062
2366.75,20.3051
2367.75,20.304
2368.75,20.3029
2369.75,20.3019
2370.75,20.3008
2371.75,20.2997
2372.75,20.2986
2373.75,20.2976
2374.75,20.2965
2375.75,20.2954
2376.75,20.2944
2377.75,20.2933
2378.75,20.2923
2379.75,20.2913
2380.75,20.2902
2381.75,20.2892
2382.75,20.2881
2383.75,20.2871
2384.75,20.2861
2385.75,20.2851
2386.75,20.2841
2387.75,20.283
2388.75,20.282
2389.75,20.281
2390.75,20.28
2391.75,20.279
2392.75,20.278
2393.75,20.277
2394.75,20.276
2395.75,20.2751
2396.75,20.2741
2397.75,20.2731
2398.75,20.2721
2399.75,20.2712
2400.75,20.2702
2401.75,20.2692
2402.75,20.2683
2403.75,20.2673
2404.75,20.2663
2405.75,20.2654
2406.75,20.2645
2407.75,20.2635
2408.75,20.2626
2409.75,20.2616
2410.75,20.2607
2411.75,20.2598
2412.75,20.2588
2413.75,20.2579
2414.75,20.257
2415.75,20.2561
2416.75,20.2552
2417.75,20.2543
2418.75,20.2533
2419.75,20.2524
2420.75,20.2515
2421.75,20.2506
2422.75,20.2497
2423.75,20.2489
2424.75,20.248
2425.75,20.2471
2426.75,20.2462
2427.75,20.2453
2428.75,20.2444
2429.75,20.2436
2430.75,20.2427
2431.75,20.2418
2432.75,20.241
2433.75,20.2401
2434.75,20.2393
2435.75,20.2384
2436.75,20.2376
2437.75,20.2367
2438.75,20.2359
2439.75,20.235
2440.75,20.2342
2441.75,20.2333
2442.75,20.2325
2443.75,20.2317
2444.75,20.2309
2445.75,20.23
2446.75,20.2292
2447.75,20.2284
2448.75,20.2276
2449.75,20.2268
2450.75,20.226
2451.75,20.2252
2452.75,20.2243
2453.75,20.2235
2454.75,20.2227
2455.75,20.222
2456.75,20.2212
2457.75,20.2204
2458.75,20.2196
2459.75,20.2188
2460.75,20.218
2461.75,20.2172
2462.75,20.2165
2463.75,20.2157
2464.75,20.2149
2465.75,20.2142
2466.75,20.2134
2467.75,20.2126
2468.75,20.2119
2469.75,20.2111
2470.75,20.2104
2471.75,20.2096
2472.75,20.2089
2473.75,20.2081
2474.75,20.2074
2475.75,20.2066
2476.75,20.2059
2477.75,20.2052
2478.75,20.2044
2479.75,20.2037
2480.75,20.203
2481.75,20.2023
2482.75,20.2015
2483.75,20.2008
2484.75,20.2001
2485.75,20.1994
2486.75,20.1987
2487.75,20.198
2488.75,20.1973
2489.75,20.1966
2490.75,20.1958
2491.75,20.1952
2492.75,20.1945
2493.75,20.1938
2494.75,20.1931
2495.75,20.1924
2496.75,20.1917
2497.75,20.191
2498.75,20.1903
2499.75,20.1896
2500.75,20.189
2501.75,20.1883
2502.75,20.1876
2503.75,20.187
2504.75,20.1863
2505.75,20.1856
2506.75,20.185
2507.75,20.1843
2508.75,20.1836
2509.75,20.183
2510.75,20.1823
2511.75,20.1817
2512.75,20.181
2513.75,20.1804
2514.75,20.1797
2515.75,20.1791
2516.75,20.1785
2517.75,20.1778
2518.75,20.1772
2519.75,20.1766
2520.75,20.1759
2521.75,20.1753
2522.75,20.1747
2523.75,20.1741
2524.75,20.1734
2525.75,20.1728
2526.75,20.1722
2527.75,20.1716
2528.75,20.171
2529.75,20.1704
2530.75,20.1698
2531.75,20.1691
2532.75,20.1685
2533.75,20.1679
2534.75,20.1673
2535.75,20.1667
2536.75,20.1661
2537.75,20.1656
2538.75,20.165
2539.75,20.1644
2540.75,20.1638
2541.75,20.1632
2542.75,20.1626
2543.75,20.162
2544.75,20.1615
2545.75,20.1609
2546.75,20.1603
2547.75,20.1597
2548.75,20.1592
2549.75,20.1586
2550.75,20.158
2551.75,20.1575
2552.75,20.1569
2553.75,20.1564
2554.75,20.1558
2555.75,20.1552
2556.75,20.1547
2557.75,20.1541
2558.75,20.1536
2559.75,20.153
2560.75,20.1525
2561.75,20.1519
2562.75,20.1514
2563.75,20.1509
2564.75,20.1503
2565.75,20.1498
2566.75,20.1493
2567.75,20.1487
2568.75,20.1482
2569.75,20.1477
2570.75,20.1471
2571.75,20.1466
2572.75,20.1461
2573.75,20.1456
2574.75,20.145
2575.75,20.1445
2576.75,20.144
2577.75,20.1435
2578.75,20.143
2579.75,20.1425
2580.75,20.142
2581.75,20.1415
2582.75,20.141
2583.75,20.1404
2584.75,20.1399
2585.75,20.1395
2586.75,20.139
2587.75,20.1385
2588.75,20.138
2589.75,20.1375
2590.75,20.137
2591.75,20.1365
2592.75,20.136
2593.75,20.1355
2594.75,20.135
2595.75,20.1346
2596.75,20.1341
2597.75,20.1336
2598.75,20.1331
2599.75,20.1326
2600.75,20.1322
2601.75,20.1317
2602.75,20.1312
2603.75,20.1308
2604.75,20.1303
2605.75,20.1298
2606.75,20.1294
2607.75,20.1289
2608.75,20.1284
2609.75,20.128
2610.75,20.1275
2611.75,20.1271
2612.75,20.1266
2613.75,20.1262
2614.75,20.1257
2615.75,20.1253
2616.75,20.1248
2617.75,20.1244
2618.75,20.1239
2619.75,20.1235
2620.75,20.123
2621.75,20.1226
2622.75,20.1222
2623.75,20.1217
2624.75,20.1213
2625.75,20.1209
2626.75,20.1204
2627.75,20.12
2628.75,20.1196
2629.75,20.1192
2630.75,20.1187
2631.75,20.1183
2632.75,20.1179
2633.75,20.1175
2634.75,20.117
2635.75,20.1166
2636.75,20.1162
2637.75,20.1158
2638.75,20.1154
2639.75,20.115
2640.75,20.1146
2641.75,20.1141
2642.75,20.1137
2643.75,20.1133
2644.75,20.1129
2645.75,20.1125
2646.75,20.1121
2647.75,20.1117
2648.75,20.1113
2649.75,20.1109
2650.75,20.1105
2651.75,20.1101
2652.75,20.1097
2653.75,20.1094
2654.75,20.109
2655.75,20.1086
2656.75,20.1082
2657.75,20.1078
2658.75,20.1074
2659.75,20.107
2660.75,20.1067
2661.75,20.1063
2662.75,20.1059
2663.75,20.1055
2664.75,20.1051
2665.75,20.1048
2666.75,20.1044
2667.75,20.104
2668.75,20.1036
2669.75,20.1033
2670.75,20.1029
2671.75,20.1025
2672.75,20.1022
2673.75,20.1018
2674.75,20.1014
2675.75,20.1011
2676.75,20.1007
2677.75,20.1004
2678.75,20.1
2679.75,20.0996
2680.75,20.0993
2681.75,20.0989
2682.75,20.0986
2683.75,20.0982
2684.75,20.0979
2685.75,20.0975
2686.75,20.0972
2687.75,20.0968
2688.75,20.0965
2689.75,20.0961
2690.75,20.0958
2691.75,20.0955
2692.75,20.0951
2693.75,20.0948
2694.75,20.0944
2695.75,20.0941
2696.75,20.0938
2697.75,20.0934
2698.75,20.0931
2699.75,20.0928
2700.75,20.0924
2701.75,20.0921
2702.75,20.0918
2703.75,20.0915
2704.75,20.0911
2705.75,20.0908
2706.75,20.0905
2707.75,20.0902
2708.75,20.0898
2709.75,20.0895
2710.75,20.0892
2711.75,20.0889
2712.75,20.0886
2713.75,20.0882
2714.75,20.0879
2715.75,20.0876
2716.75,20.0873
2717.75,20.087
2718.75,20.0867
2719.75,20.0864
2720.75,20.0861
2721.75,20.0858
2722.75,20.0854
2723.75,20.0851
2724.75,20.0848
2725.75,20.0845
2726.75,20.0842
2727.75,20.0839
2728.75,20.0836
2729.75,20.0833
2730.75,20.083
2731.75,20.0827
2732.75,20.0824
2733.75,20.0822
2734.75,20.0819
2735.75,20.0816
2736.75,20.0813
2737.75,20.081
2738.75,20.0807
2739.75,20.0804
2740.75,20.0801
2741.75,20.0798
2742.75,20.0796
2743.75,20.0793
2744.75,20.079
2745.75,20.0787
2746.75,20.0784
2747.75,20.0781
2748.75,20.0779
2749.75,20.0776
2750.75,20.0773
2751.75,20.077
2752.75,20.0768
2753.75,20.0765
2754.75,20.0762
2755.75,20.0759
2756.75,20.0757
2757.75,20.0754
2758.75,20.0751
2759.75,20.0749
2760.75,20.0746
2761.75,20.0743
2762.75,20.0741
2763.75,20.0738
2764.75,20.0735
2765.75,20.0733
2766.75,20.073
2767.75,20.0728
2768.75,20.0725
2769.75,20.0722
2770.75,20.072
2771.75,20.0717
2772.75,20.0715
2773.75,20.0712
2774.75,20.071
2775.75,20.0707
2776.75,20.0704
2777.75,20.0702
2778.75,20.0699
2779.75,20.0697
2780.75,20.0694
2781.75,20.0692
2782.75,20.069
2783.75,20.0687
2784.75,20.0685
2785.75,20.0682
2786.75,20.068
2787.75,20.0677
2788.75,20.0675
2789.75,20.0672
2790.75,20.067
2791.75,20.0668
2792.75,20.0665
2793.75,20.0663
2794.75,20.0661
2795.75,20.0658
2796.75,20.0656
2797.75,20.0654
2798.75,20.0651
2799.75,20.0649
2800.75,20.0647
2801.75,20.0644
2802.75,20.0642
2803.75,20.064
2804.75,20.0637
2805.75,20.0635
2806.75,20.0633
2807.75,20.0631
2808.75,20.0628
2809.75,20.0626
2810.75,20.0624
2811.75,20.0622
2812.75,20.0619
2813.75,20.0617
2814.75,20.0615
2815.75,20.0613
2816.75,20.0611
2817.75,20.0608
2818.75,20.0606
2819.75,20.0604
2820.75,20.0602
2821.75,20.06
2822.75,20.0598
2823.75,20.0596
2824.75,20.0593
2825.75,20.0591
2826.75,20.0589
2827.75,20.0587
2828.75,20.0585
2829.75,20.0583
2830.75,20.0581
2831.75,20.0579
2832.75,20.0577
2833.75,20.0575
2834.75,20.0573
2835.75,20.057
2836.75,20.0568
2837.75,20.0566
2838.75,20.0564
2839.75,20.0562
2840.75,20.056
2841.75,20.0558
2842.75,20.0556
2843.75,20.0554
2844.75,20.0552
2845.75,20.055
2846.75,20.0548
2847.75,20.0547
2848.75,20.0545
2849.75,20.0543
2850.75,20.0541
2851.75,20.0539
2852.75,20.0537
2853.75,20.0535
2854.75,20.0533
2855.75,20.0531
2856.75,20.0529
2857.75,20.0527
2858.75,20.0525
2859.75,20.0524
2860.75,20.0522
2861.75,20.052
2862.75,20.0518
2863.75,20.0516
2864.75,20.0514
2865.75,20.0512
2866.75,20.0511
2867.75,20.0509
2868.75,20.0507
2869.75,20.0505
2870.75,20.0503
2871.75,20.0502
2872.75,20.05
2873.75,20.0498
2874.75,20.0496
2875.75,20.0494
2876.75,20.0493
2877.75,20.0491
2878.75,20.0489
2879.75,20.0487
2880.75,20.0486
2881.75,20.0484
2882.75,20.0482
2883.75,20.0481
2884.75,20.0479
2885.75,20.0477
2886.75,20.0475
2887.75,20.0474
2888.75,20.0472
2889.75,20.047
2890.75,20.0469
2891.75,20.0467
2892.75,20.0465
2893.75,20.0464
2894.75,20.0462
2895.75,20.046
2896.75,20.0459
2897.75,20.0457
2898.75,20.0455
2899.75,20.0454
2900.75,20.0452
2901.75,20.0451
2902.75,20.0449
2903.75,20.0447
2904.75,20.0446
2905.75,20.0444
2906.75,20.0443
2907.75,20.0441
2908.75,20.0439
2909.75,20.0438
2910.75,20.0436
2911.75,20.0435
2912.75,20.0433
2913.75,20.0432
2914.75,20.043
2915.75,20.0429
2916.75,20.0427
2917.75,20.0426
2918.75,20.0424
2919.75,20.0422
2920.75,20.0421
2921.75,20.042
2922.75,20.0418
2923.75,20.0417
2924.75,20.0415
2925.75,20.0414
2926.75,20.0412
2927.75,20.0411
2928.75,20.0409
2929.75,20.0408
2930.75,20.0406
2931.75,20.0405
2932.75,20.0403
2933.75,20.0402
2934.75,20.04
2935.75,20.0399
2936.75,20.0398
2937.75,20.0396
2938.75,20.0395
2939.75,20.0393
2940.75,20.0392
2941.75,20.0391
2942.75,20.0389
2943.75,20.0388
2944.75,20.0386
2945.75,20.0385
2946.75,20.0384
2947.75,20.0382
2948.75,20.0381
2949.75,20.038
2950.75,20.0378
2951.75,20.0377
2952.75,20.0375
2953.75,20.0374
2954.75,20.0373
2955.75,20.0371
2956.75,20.037
2957.75,20.0369
2958.75,20.0368
2959.75,20.0366
2960.75,20.0365
2961.75,20.0364
2962.75,20.0362
2963.75,20.0361
2964.75,20.036
2965.75,20.0358
2966.75,20.0357
2967.75,20.0356
2968.75,20.0355
2969.75,20.0353
2970.75,20.0352
2971.75,20.0351
2972.75,20.035
2973.75,20.0348
2974.75,20.0347
2975.75,20.0346
2976.75,20.0345
2977.75,20.0343
2978.75,20.0342
2979.75,20.0341
2980.75,20.034
2981.75,20.0338
2982.75,20.0337
2983.75,20.0336
2984.75,20.0335
2985.75,20.0334
2986.75,20.0333
2987.75,20.0331
2988.75,20.033
2989.75,20.0329
2990.75,20.0328
2991.75,20.0327
2992.75,20.0325
2993.75,20.0324
2994.75,20.0323
2995.75,20.0322
2996.75,20.0321
2997.75,20.032
2998.75,20.0319
2999.75,20.0317
3000.75,20.0316
3001.75,20.0315
3002.75,20.0314
3003.75,20.0313
3004.75,20.0312
3005.75,20.0311
3006.75,20.031
3007.75,20.0308
3008.75,20.0307
3009.75,20.0306
3010.75,20.0305
3011.75,20.0304
3012.75,20.0303
3013.75,20.0302
3014.75,20.0301
3015.75,20.03
3016.75,20.0299
3017.75,20.0298
3018.75,20.0297
3019.75,20.0296
3020.75,20.0294
3021.75,20.0293
3022.75,20.0292
3023.75,20.0291
3024.75,20.029
3025.75,20.0289
3026.75,20.0288
3027.75,20.0287
3028.75,20.0286
3029.75,20.0285
3030.75,20.0284
3031.75,20.0283
3032.75,20.0282
3033.75,20.0281
3034.75,20.028
3035.75,20.0279
3036.75,20.0278
3037.75,20.0277
3038.75,20.0276
3039.75,20.0275
3040.75,20.0274
3041.75,20.0273
3042.75,20.0272
3043.75,20.0271
3044.75,20.027
3045.75,20.0269
3046.75,20.0268
3047.75,20.0267
3048.75,20.0266
3049.75,20.0265
3050.75,20.0265
3051.75,20.0264
3052.75,20.0263
3053.75,20.0262
3054.75,20.0261
3055.75,20.026
3056.75,20.0259
3057.75,20.0258
3058.75,20.0257
3059.75,20.0256
3060.75,20.0255
3061.75,20.0254
3062.75,20.0253
3063.75,20.0252
3064.75,20.0252
3065.75,20.0251
3066.75,20.025
3067.75,20.0249
3068.75,20.0248
3069.75,20.0247
3070.75,20.0246
3071.75,20.0245
3072.75,20.0245
3073.75,20.0244
3074.75,20.0243
3075.75,20.0242
3076.75,20.0241
3077.75,20.024
3078.75,20.0239
3079.75,20.0238
3080.75,20.0238
3081.75,20.0237
3082.75,20.0236
3083.75,20.0235
3084.75,20.0234
3085.75,20.0233
3086.75,20.0233
3087.75,20.0232
3088.75,20.0231
3089.75,20.023
3090.75,20.0229
3091.75,20.0228
3092.75,20.0228
3093.75,20.0227
3094.75,20.0226
3095.75,20.0225
3096.75,20.0224
3097.75,20.0224
3098.75,20.0223
3099.75,20.0222
3100.75,20.0221
3101.75,20.022
3102.75,20.022
3103.75,20.0219
3104.75,20.0218
3105.75,20.0217
3106.75,20.0217
3107.75,20.0216
3108.75,20.0215
3109.75,20.0214
3110.75,20.0213
3111.75,20.0213
3112.75,20.0212
3113.75,20.0211
3114.75,20.021
3115.75,20.021
3116.75,20.0209
3117.75,20.0208
3118.75,20.0207
3119.75,20.0207
3120.75,20.0206
3121.75,20.0205
3122.75,20.0204
3123.75,20.0204
3124.75,20.0203
3125.75,20.0202
3126.75,20.0202
3127.75,20.0201
3128.75,20.02
3129.75,20.0199
3130.75,20.0199
3131.75,20.0198
3132.75,20.0197
3133.75,20.0197
3134.75,20.0196
3135.75,20.0195
3136.75,20.0194
3137.75,20.0194
3138.75,20.0193
3139.75,20.0192
3140.75,20.0192
3141.75,20.0191
3142.75,20.019
3143.75,20.019
3144.75,20.0189
3145.75,20.0188
3146.75,20.0188
3147.75,20.0187
3148.75,20.0186
3149.75,20.0186
3150.75,20.0185
3151.75,20.0184
3152.75,20.0184
3153.75,20.0183
3154.75,20.0182
3155.75,20.0182
3156.75,20.0181
3157.75,20.018
3158.75,20.018
3159.75,20.0179
3160.75,20.0179
3161.75,20.0178
3162.75,20.0177
3163.75,20.0177
3164.75,20.0176
3165.75,20.0175
3166.75,20.0175
3167.75,20.0174
3168.75,20.0173
3169.75,20.0173
3170.75,20.0172
3171.75,20.0172
3172.75,20.0171
3173.75,20.017
3174.75,20.017
3175.75,20.0169
3176.75,20.0169
3177.75,20.0168
3178.75,20.0167
3179.75,20.0167
3180.75,20.0166
3181.75,20.0166
3182.75,20.0165
3183.75,20.0164
3184.75,20.0164
3185.75,20.0163
3186.75,20.0163
3187.75,20.0162
3188.75,20.0161
3189.75,20.0161
3190.75,20.016
3191.75,20.016
3192.75,20.0159
3193.75,20.0159
3194.75,20.0158
3195.75,20.0158
3196.75,20.0157
3197.75,20.0156
3198.75,20.0156
3199.75,20.0155
3200.75,20.0155
3201.75,20.0154
3202.75,20.0154
3203.75,20.0153
3204.75,20.0153
3205.75,20.0152
3206.75,20.0151
3207.75,20.0151
3208.75,20.015
3209.75,20.015
3210.75,20.0149
3211.75,20.0149
3212.75,20.0148
3213.75,20.0148
3214.75,20.0147
3215.75,20.0147
3216.75,20.0146
3217.75,20.0146
3218.75,20.0145
3219.75,20.0145
3220.75,20.0144
3221.75,20.0144
3222.75,20.0143
3223.75,20.0142
3224.75,20.0142
3225.75,20.0141
3226.75,20.0141
3227.75,20.014
3228.75,20.014
3229.75,20.0139
3230.75,20.0139
3231.75,20.0138
3232.75,20.0138
3233.75,20.0138
3234.75,20.0137
3235.75,20.0137
3236.75,20.0136
3237.75,20.0136
3238.75,20.0135
3239.75,20.0135
3240.75,20.0134
3241.75,20.0134
3242.75,20.0133
3243.75,20.0133
3244.75,20.0132
3245.75,20.0132
3246.75,20.0131
3247.75,20.0131
3248.75,20.013
3249.75,20.013
3250.75,20.0129
3251.75,20.0129
3252.75,20.0128
3253.75,20.0128
3254.75,20.0128
3255.75,20.0127
3256.75,20.0127
3257.75,20.0126
3258.75,20.0126
3259.75,20.0125
3260.75,20.0125
3261.75,20.0124
3262.75,20.0124
3263.75,20.0124
3264.75,20.0123
3265.75,20.0123
3266.75,20.0122
3267.75,20.0122
3268.75,20.0121
3269.75,20.0121
3270.75,20.012
3271.75,20.012
3272.75,20.012
3273.75,20.0119
3274.75,20.0119
3275.75,20.0118
3276.75,20.0118
3277.75,20.0117
3278.75,20.0117
3279.75,20.0117
3280.75,20.0116
3281.75,20.0116
3282.75,20.0115
3283.75,20.0115
3284.75,20.0115
3285.75,20.0114
3286.75,20.0114
3287.75,20.0113
3288.75,20.0113
3289.75,20.0113
3290.75,20.0112
3291.75,20.0112
3292.75,20.0111
3293.75,20.0111
3294.75,20.0111
3295.75,20.011
3296.75,20.011
3297.75,20.0109
3298.75,20.0109
3299.75,20.0109
3300.75,20.0108
3301.75,20.0108
3302.75,20.0107
3303.75,20.0107
3304.75,20.0107
3305.75,20.0106
3306.75,20.0106
3307.75,20.0106
3308.75,20.0105
3309.75,20.0105
3310.75,20.0104
3311.75,20.0104
3312.75,20.0104
3313.75,20.0103
3314.75,20.0103
3315.75,20.0103
3316.75,20.0102
3317.75,20.0102
3318.75,20.0101
3319.75,20.0101
3320.75,20.0101
3321.75,20.01
3322.75,20.01
3323.75,20.01
3324.75,20.0099
3325.75,20.0099
3326.75,20.0099
3327.75,20.0098
3328.75,20.0098
3329.75,20.0098
3330.75,20.0097
3331.75,20.0097
3332.75,20.0097
3333.75,20.0096
3334.75,20.0096
3335.75,20.0095
3336.75,20.0095
3337.75,20.0095
3338.75,20.0094
3339.75,20.0094
3340.75,20.0094
3341.75,20.0093
3342.75,20.0093
3343.75,20.0093
3344.75,20.0092
3345.75,20.0092
3346.75,20.0092
3347.75,20.0091
3348.75,20.0091
3349.75,20.0091
3350.75,20.0091
3351.75,20.009
3352.75,20.009
3353.75,20.009
3354.75,20.0089
3355.75,20.0089
3356.75,20.0089
3357.75,20.0088
3358.75,20.0088
3359.75,20.0088
3360.75,20.0087
3361.75,20.0087
3362.75,20.0087
3363.75,20.0086
3364.75,20.0086
3365.75,20.0086
3366.75,20.0085
3367.75,20.0085
3368.75,20.0085
3369.75,20.0085
3370.75,20.0084
3371.75,20.0084
3372.75,20.0084
3373.75,20.0083
3374.75,20.0083
3375.75,20.0083
3376.75,20.0082
3377.75,20.0082
3378.75,20.0082
3379.75,20.0082
3380.75,20.0081
3381.75,20.0081
3382.75,20.0081
3383.75,20.008
3384.75,20.008
3385.75,20.008
3386.75,20.008
3387.75,20.0079
3388.75,20.0079
3389.75,20.0079
3390.75,20.0078
3391.75,20.0078
3392.75,20.0078
3393.75,20.0078
3394.75,20.0077
3395.75,20.0077
3396.75,20.0077
3397.75,20.0077
3398.75,20.0076
3399.75,20.0076
3400.75,20.0076
3401.75,20.0075
3402.75,20.0075
3403.75,20.0075
3404.75,20.0075
3405.75,20.0074
3406.75,20.0074
3407.75,20.0074
3408.75,20.0074
3409.75,20.0073
3410.75,20.0073
3411.75,20.0073
3412.75,20.0072
3413.75,20.0072
3414.75,20.0072
3415.75,20.0072
3416.75,20.0071
3417.75,20.0071
3418.75,20.0071
3419.75,20.0071
3420.75,20.007
3421.75,20.007
3422.75,20.007
3423.75,20.007
