0,-0.03,-0.028999999999999998,0.022,5000
6.0,0.03,-0.028999999999999998,0.022,0
6.02,-0.03,-0.026999999999999996,0.022,5000
12.02,0.03,-0.026999999999999996,0.022,0
12.04,-0.03,-0.024999999999999994,0.022,5000
18.04,0.03,-0.024999999999999994,0.022,0
18.06,-0.03,-0.022999999999999993,0.022,5000
24.06,0.03,-0.022999999999999993,0.022,0
24.08,-0.03,-0.02099999999999999,0.022,5000
30.08,0.03,-0.02099999999999999,0.022,0
30.099999999999998,-0.03,-0.01899999999999999,0.022,5000
36.099999999999994,0.03,-0.01899999999999999,0.022,0
36.12,-0.03,-0.016999999999999987,0.022,5000
42.12,0.03,-0.016999999999999987,0.022,0
42.14,-0.03,-0.014999999999999987,0.022,5000
48.14,0.03,-0.014999999999999987,0.022,0
48.160000000000004,-0.03,-0.012999999999999987,0.022,5000
54.160000000000004,0.03,-0.012999999999999987,0.022,0
54.18000000000001,-0.03,-0.010999999999999987,0.022,5000
60.18000000000001,0.03,-0.010999999999999987,0.022,0
60.20000000000001,-0.03,-0.008999999999999987,0.022,5000
66.20000000000002,0.03,-0.008999999999999987,0.022,0
66.22000000000001,-0.03,-0.006999999999999987,0.022,5000
72.22000000000001,0.03,-0.006999999999999987,0.022,0
72.24000000000001,-0.03,-0.004999999999999987,0.022,5000
78.24000000000001,0.03,-0.004999999999999987,0.022,0
78.26,-0.03,-0.002999999999999987,0.022,5000
84.26,0.03,-0.002999999999999987,0.022,0
84.28,-0.03,-0.000999999999999987,0.022,5000
90.28,0.03,-0.000999999999999987,0.022,0
90.3,-0.03,0.001000000000000013,0.022,5000
96.3,0.03,0.001000000000000013,0.022,0
96.32,-0.03,0.003000000000000013,0.022,5000
102.32,0.03,0.003000000000000013,0.022,0
102.33999999999999,-0.03,0.005000000000000013,0.022,5000
108.33999999999999,0.03,0.005000000000000013,0.022,0
108.35999999999999,-0.03,0.007000000000000013,0.022,5000
114.35999999999999,0.03,0.007000000000000013,0.022,0
114.37999999999998,-0.03,0.009000000000000013,0.022,5000
120.37999999999998,0.03,0.009000000000000013,0.022,0
120.39999999999998,-0.03,0.011000000000000013,0.022,5000
126.39999999999998,0.03,0.011000000000000013,0.022,0
126.41999999999997,-0.03,0.013000000000000013,0.022,5000
132.41999999999996,0.03,0.013000000000000013,0.022,0
132.43999999999997,-0.03,0.015000000000000013,0.022,5000
138.43999999999997,0.03,0.015000000000000013,0.022,0
138.45999999999998,-0.03,0.017000000000000015,0.022,5000
144.45999999999998,0.03,0.017000000000000015,0.022,0
144.48,-0.03,0.019000000000000017,0.022,5000
150.48,0.03,0.019000000000000017,0.022,0
150.5,-0.03,0.02100000000000002,0.022,5000
156.5,0.03,0.02100000000000002,0.022,0
156.52,-0.03,0.02300000000000002,0.022,5000
162.52,0.03,0.02300000000000002,0.022,0
162.54000000000002,-0.03,0.025000000000000022,0.022,5000
168.54000000000002,0.03,0.025000000000000022,0.022,0
168.56000000000003,-0.03,0.027000000000000024,0.022,5000
174.56000000000003,0.03,0.027000000000000024,0.022,0
174.58000000000004,-0.03,0.029000000000000026,0.022,5000
180.58000000000004,0.03,0.029000000000000026,0.022,0
180.60000000000005,-0.03,-0.028999999999999998,0.024,5000
186.60000000000005,0.03,-0.028999999999999998,0.024,0
186.62000000000006,-0.03,-0.026999999999999996,0.024,5000
192.62000000000006,0.03,-0.026999999999999996,0.024,0
192.64000000000007,-0.03,-0.024999999999999994,0.024,5000
198.64000000000007,0.03,-0.024999999999999994,0.024,0
198.66000000000008,-0.03,-0.022999999999999993,0.024,5000
204.66000000000008,0.03,-0.022999999999999993,0.024,0
204.6800000000001,-0.03,-0.02099999999999999,0.024,5000
210.6800000000001,0.03,-0.02099999999999999,0.024,0
210.7000000000001,-0.03,-0.01899999999999999,0.024,5000
216.7000000000001,0.03,-0.01899999999999999,0.024,0
216.7200000000001,-0.03,-0.016999999999999987,0.024,5000
222.7200000000001,0.03,-0.016999999999999987,0.024,0
222.74000000000012,-0.03,-0.014999999999999987,0.024,5000
228.74000000000012,0.03,-0.014999999999999987,0.024,0
228.76000000000013,-0.03,-0.012999999999999987,0.024,5000
234.76000000000013,0.03,-0.012999999999999987,0.024,0
234.78000000000014,-0.03,-0.010999999999999987,0.024,5000
240.78000000000014,0.03,-0.010999999999999987,0.024,0
240.80000000000015,-0.03,-0.008999999999999987,0.024,5000
246.80000000000015,0.03,-0.008999999999999987,0.024,0
246.82000000000016,-0.03,-0.006999999999999987,0.024,5000
252.82000000000016,0.03,-0.006999999999999987,0.024,0
252.84000000000017,-0.03,-0.004999999999999987,0.024,5000
258.84000000000015,0.03,-0.004999999999999987,0.024,0
258.8600000000001,-0.03,-0.002999999999999987,0.024,5000
264.8600000000001,0.03,-0.002999999999999987,0.024,0
264.8800000000001,-0.03,-0.000999999999999987,0.024,5000
270.8800000000001,0.03,-0.000999999999999987,0.024,0
270.9000000000001,-0.03,0.001000000000000013,0.024,5000
276.9000000000001,0.03,0.001000000000000013,0.024,0
276.9200000000001,-0.03,0.003000000000000013,0.024,5000
282.9200000000001,0.03,0.003000000000000013,0.024,0
282.94000000000005,-0.03,0.005000000000000013,0.024,5000
288.94000000000005,0.03,0.005000000000000013,0.024,0
288.96000000000004,-0.03,0.007000000000000013,0.024,5000
294.96000000000004,0.03,0.007000000000000013,0.024,0
294.98,-0.03,0.009000000000000013,0.024,5000
300.98,0.03,0.009000000000000013,0.024,0
301.0,-0.03,0.011000000000000013,0.024,5000
307.0,0.03,0.011000000000000013,0.024,0
307.02,-0.03,0.013000000000000013,0.024,5000
313.02,0.03,0.013000000000000013,0.024,0
313.03999999999996,-0.03,0.015000000000000013,0.024,5000
319.03999999999996,0.03,0.015000000000000013,0.024,0
319.05999999999995,-0.03,0.017000000000000015,0.024,5000
325.05999999999995,0.03,0.017000000000000015,0.024,0
325.0799999999999,-0.03,0.019000000000000017,0.024,5000
331.0799999999999,0.03,0.019000000000000017,0.024,0
331.0999999999999,-0.03,0.02100000000000002,0.024,5000
337.0999999999999,0.03,0.02100000000000002,0.024,0
337.1199999999999,-0.03,0.02300000000000002,0.024,5000
343.1199999999999,0.03,0.02300000000000002,0.024,0
343.1399999999999,-0.03,0.025000000000000022,0.024,5000
349.1399999999999,0.03,0.025000000000000022,0.024,0
349.15999999999985,-0.03,0.027000000000000024,0.024,5000
355.15999999999985,0.03,0.027000000000000024,0.024,0
355.17999999999984,-0.03,0.029000000000000026,0.024,5000
361.17999999999984,0.03,0.029000000000000026,0.024,0
361.1999999999998,-0.03,-0.028999999999999998,0.026000000000000002,5000
367.1999999999998,0.03,-0.028999999999999998,0.026000000000000002,0
367.2199999999998,-0.03,-0.026999999999999996,0.026000000000000002,5000
373.2199999999998,0.03,-0.026999999999999996,0.026000000000000002,0
373.2399999999998,-0.03,-0.024999999999999994,0.026000000000000002,5000
379.2399999999998,0.03,-0.024999999999999994,0.026000000000000002,0
379.25999999999976,-0.03,-0.022999999999999993,0.026000000000000002,5000
385.25999999999976,0.03,-0.022999999999999993,0.026000000000000002,0
385.27999999999975,-0.03,-0.02099999999999999,0.026000000000000002,5000
391.27999999999975,0.03,-0.02099999999999999,0.026000000000000002,0
391.2999999999997,-0.03,-0.01899999999999999,0.026000000000000002,5000
397.2999999999997,0.03,-0.01899999999999999,0.026000000000000002,0
397.3199999999997,-0.03,-0.016999999999999987,0.026000000000000002,5000
403.3199999999997,0.03,-0.016999999999999987,0.026000000000000002,0
403.3399999999997,-0.03,-0.014999999999999987,0.026000000000000002,5000
409.3399999999997,0.03,-0.014999999999999987,0.026000000000000002,0
409.3599999999997,-0.03,-0.012999999999999987,0.026000000000000002,5000
415.3599999999997,0.03,-0.012999999999999987,0.026000000000000002,0
415.37999999999965,-0.03,-0.010999999999999987,0.026000000000000002,5000
421.37999999999965,0.03,-0.010999999999999987,0.026000000000000002,0
421.39999999999964,-0.03,-0.008999999999999987,0.026000000000000002,5000
427.39999999999964,0.03,-0.008999999999999987,0.026000000000000002,0
427.4199999999996,-0.03,-0.006999999999999987,0.026000000000000002,5000
433.4199999999996,0.03,-0.006999999999999987,0.026000000000000002,0
433.4399999999996,-0.03,-0.004999999999999987,0.026000000000000002,5000
439.4399999999996,0.03,-0.004999999999999987,0.026000000000000002,0
439.4599999999996,-0.03,-0.002999999999999987,0.026000000000000002,5000
445.4599999999996,0.03,-0.002999999999999987,0.026000000000000002,0
445.47999999999956,-0.03,-0.000999999999999987,0.026000000000000002,5000
451.47999999999956,0.03,-0.000999999999999987,0.026000000000000002,0
451.49999999999955,-0.03,0.001000000000000013,0.026000000000000002,5000
457.49999999999955,0.03,0.001000000000000013,0.026000000000000002,0
457.5199999999995,-0.03,0.003000000000000013,0.026000000000000002,5000
463.5199999999995,0.03,0.003000000000000013,0.026000000000000002,0
463.5399999999995,-0.03,0.005000000000000013,0.026000000000000002,5000
469.5399999999995,0.03,0.005000000000000013,0.026000000000000002,0
469.5599999999995,-0.03,0.007000000000000013,0.026000000000000002,5000
475.5599999999995,0.03,0.007000000000000013,0.026000000000000002,0
475.5799999999995,-0.03,0.009000000000000013,0.026000000000000002,5000
481.5799999999995,0.03,0.009000000000000013,0.026000000000000002,0
481.59999999999945,-0.03,0.011000000000000013,0.026000000000000002,5000
487.59999999999945,0.03,0.011000000000000013,0.026000000000000002,0
487.61999999999944,-0.03,0.013000000000000013,0.026000000000000002,5000
493.61999999999944,0.03,0.013000000000000013,0.026000000000000002,0
493.6399999999994,-0.03,0.015000000000000013,0.026000000000000002,5000
499.6399999999994,0.03,0.015000000000000013,0.026000000000000002,0
499.6599999999994,-0.03,0.017000000000000015,0.026000000000000002,5000
505.6599999999994,0.03,0.017000000000000015,0.026000000000000002,0
505.6799999999994,-0.03,0.019000000000000017,0.026000000000000002,5000
511.6799999999994,0.03,0.019000000000000017,0.026000000000000002,0
511.69999999999936,-0.03,0.02100000000000002,0.026000000000000002,5000
517.6999999999994,0.03,0.02100000000000002,0.026000000000000002,0
517.7199999999993,-0.03,0.02300000000000002,0.026000000000000002,5000
523.7199999999993,0.03,0.02300000000000002,0.026000000000000002,0
523.7399999999993,-0.03,0.025000000000000022,0.026000000000000002,5000
529.7399999999993,0.03,0.025000000000000022,0.026000000000000002,0
529.7599999999993,-0.03,0.027000000000000024,0.026000000000000002,5000
535.7599999999993,0.03,0.027000000000000024,0.026000000000000002,0
535.7799999999993,-0.03,0.029000000000000026,0.026000000000000002,5000
541.7799999999993,0.03,0.029000000000000026,0.026000000000000002,0
541.7999999999993,-0.03,-0.028999999999999998,0.028000000000000004,5000
547.7999999999993,0.03,-0.028999999999999998,0.028000000000000004,0
547.8199999999993,-0.03,-0.026999999999999996,0.028000000000000004,5000
553.8199999999993,0.03,-0.026999999999999996,0.028000000000000004,0
553.8399999999992,-0.03,-0.024999999999999994,0.028000000000000004,5000
559.8399999999992,0.03,-0.024999999999999994,0.028000000000000004,0
559.8599999999992,-0.03,-0.022999999999999993,0.028000000000000004,5000
565.8599999999992,0.03,-0.022999999999999993,0.028000000000000004,0
565.8799999999992,-0.03,-0.02099999999999999,0.028000000000000004,5000
571.8799999999992,0.03,-0.02099999999999999,0.028000000000000004,0
571.8999999999992,-0.03,-0.01899999999999999,0.028000000000000004,5000
577.8999999999992,0.03,-0.01899999999999999,0.028000000000000004,0
577.9199999999992,-0.03,-0.016999999999999987,0.028000000000000004,5000
583.9199999999992,0.03,-0.016999999999999987,0.028000000000000004,0
583.9399999999991,-0.03,-0.014999999999999987,0.028000000000000004,5000
589.9399999999991,0.03,-0.014999999999999987,0.028000000000000004,0
589.9599999999991,-0.03,-0.012999999999999987,0.028000000000000004,5000
595.9599999999991,0.03,-0.012999999999999987,0.028000000000000004,0
595.9799999999991,-0.03,-0.010999999999999987,0.028000000000000004,5000
601.9799999999991,0.03,-0.010999999999999987,0.028000000000000004,0
601.9999999999991,-0.03,-0.008999999999999987,0.028000000000000004,5000
607.9999999999991,0.03,-0.008999999999999987,0.028000000000000004,0
608.0199999999991,-0.03,-0.006999999999999987,0.028000000000000004,5000
614.0199999999991,0.03,-0.006999999999999987,0.028000000000000004,0
614.039999999999,-0.03,-0.004999999999999987,0.028000000000000004,5000
620.039999999999,0.03,-0.004999999999999987,0.028000000000000004,0
620.059999999999,-0.03,-0.002999999999999987,0.028000000000000004,5000
626.059999999999,0.03,-0.002999999999999987,0.028000000000000004,0
626.079999999999,-0.03,-0.000999999999999987,0.028000000000000004,5000
632.079999999999,0.03,-0.000999999999999987,0.028000000000000004,0
632.099999999999,-0.03,0.001000000000000013,0.028000000000000004,5000
638.099999999999,0.03,0.001000000000000013,0.028000000000000004,0
638.119999999999,-0.03,0.003000000000000013,0.028000000000000004,5000
644.119999999999,0.03,0.003000000000000013,0.028000000000000004,0
644.139999999999,-0.03,0.005000000000000013,0.028000000000000004,5000
650.139999999999,0.03,0.005000000000000013,0.028000000000000004,0
650.159999999999,-0.03,0.007000000000000013,0.028000000000000004,5000
656.159999999999,0.03,0.007000000000000013,0.028000000000000004,0
656.1799999999989,-0.03,0.009000000000000013,0.028000000000000004,5000
662.1799999999989,0.03,0.009000000000000013,0.028000000000000004,0
662.1999999999989,-0.03,0.011000000000000013,0.028000000000000004,5000
668.1999999999989,0.03,0.011000000000000013,0.028000000000000004,0
668.2199999999989,-0.03,0.013000000000000013,0.028000000000000004,5000
674.2199999999989,0.03,0.013000000000000013,0.028000000000000004,0
674.2399999999989,-0.03,0.015000000000000013,0.028000000000000004,5000
680.2399999999989,0.03,0.015000000000000013,0.028000000000000004,0
680.2599999999989,-0.03,0.017000000000000015,0.028000000000000004,5000
686.2599999999989,0.03,0.017000000000000015,0.028000000000000004,0
686.2799999999988,-0.03,0.019000000000000017,0.028000000000000004,5000
692.2799999999988,0.03,0.019000000000000017,0.028000000000000004,0
692.2999999999988,-0.03,0.02100000000000002,0.028000000000000004,5000
698.2999999999988,0.03,0.02100000000000002,0.028000000000000004,0
698.3199999999988,-0.03,0.02300000000000002,0.028000000000000004,5000
704.3199999999988,0.03,0.02300000000000002,0.028000000000000004,0
704.3399999999988,-0.03,0.025000000000000022,0.028000000000000004,5000
710.3399999999988,0.03,0.025000000000000022,0.028000000000000004,0
710.3599999999988,-0.03,0.027000000000000024,0.028000000000000004,5000
716.3599999999988,0.03,0.027000000000000024,0.028000000000000004,0
716.3799999999987,-0.03,0.029000000000000026,0.028000000000000004,5000
722.3799999999987,0.03,0.029000000000000026,0.028000000000000004,0
722.3999999999987,-0.03,-0.028999999999999998,0.030000000000000006,5000
728.3999999999987,0.03,-0.028999999999999998,0.030000000000000006,0
728.4199999999987,-0.03,-0.026999999999999996,0.030000000000000006,5000
734.4199999999987,0.03,-0.026999999999999996,0.030000000000000006,0
734.4399999999987,-0.03,-0.024999999999999994,0.030000000000000006,5000
740.4399999999987,0.03,-0.024999999999999994,0.030000000000000006,0
740.4599999999987,-0.03,-0.022999999999999993,0.030000000000000006,5000
746.4599999999987,0.03,-0.022999999999999993,0.030000000000000006,0
746.4799999999987,-0.03,-0.02099999999999999,0.030000000000000006,5000
752.4799999999987,0.03,-0.02099999999999999,0.030000000000000006,0
752.4999999999986,-0.03,-0.01899999999999999,0.030000000000000006,5000
758.4999999999986,0.03,-0.01899999999999999,0.030000000000000006,0
758.5199999999986,-0.03,-0.016999999999999987,0.030000000000000006,5000
764.5199999999986,0.03,-0.016999999999999987,0.030000000000000006,0
764.5399999999986,-0.03,-0.014999999999999987,0.030000000000000006,5000
770.5399999999986,0.03,-0.014999999999999987,0.030000000000000006,0
770.5599999999986,-0.03,-0.012999999999999987,0.030000000000000006,5000
776.5599999999986,0.03,-0.012999999999999987,0.030000000000000006,0
776.5799999999986,-0.03,-0.010999999999999987,0.030000000000000006,5000
782.5799999999986,0.03,-0.010999999999999987,0.030000000000000006,0
782.5999999999985,-0.03,-0.008999999999999987,0.030000000000000006,5000
788.5999999999985,0.03,-0.008999999999999987,0.030000000000000006,0
788.6199999999985,-0.03,-0.006999999999999987,0.030000000000000006,5000
794.6199999999985,0.03,-0.006999999999999987,0.030000000000000006,0
794.6399999999985,-0.03,-0.004999999999999987,0.030000000000000006,5000
800.6399999999985,0.03,-0.004999999999999987,0.030000000000000006,0
800.6599999999985,-0.03,-0.002999999999999987,0.030000000000000006,5000
806.6599999999985,0.03,-0.002999999999999987,0.030000000000000006,0
806.6799999999985,-0.03,-0.000999999999999987,0.030000000000000006,5000
812.6799999999985,0.03,-0.000999999999999987,0.030000000000000006,0
812.6999999999985,-0.03,0.001000000000000013,0.030000000000000006,5000
818.6999999999985,0.03,0.001000000000000013,0.030000000000000006,0
818.7199999999984,-0.03,0.003000000000000013,0.030000000000000006,5000
824.7199999999984,0.03,0.003000000000000013,0.030000000000000006,0
824.7399999999984,-0.03,0.005000000000000013,0.030000000000000006,5000
830.7399999999984,0.03,0.005000000000000013,0.030000000000000006,0
830.7599999999984,-0.03,0.007000000000000013,0.030000000000000006,5000
836.7599999999984,0.03,0.007000000000000013,0.030000000000000006,0
836.7799999999984,-0.03,0.009000000000000013,0.030000000000000006,5000
842.7799999999984,0.03,0.009000000000000013,0.030000000000000006,0
842.7999999999984,-0.03,0.011000000000000013,0.030000000000000006,5000
848.7999999999984,0.03,0.011000000000000013,0.030000000000000006,0
848.8199999999983,-0.03,0.013000000000000013,0.030000000000000006,5000
854.8199999999983,0.03,0.013000000000000013,0.030000000000000006,0
854.8399999999983,-0.03,0.015000000000000013,0.030000000000000006,5000
860.8399999999983,0.03,0.015000000000000013,0.030000000000000006,0
860.8599999999983,-0.03,0.017000000000000015,0.030000000000000006,5000
866.8599999999983,0.03,0.017000000000000015,0.030000000000000006,0
866.8799999999983,-0.03,0.019000000000000017,0.030000000000000006,5000
872.8799999999983,0.03,0.019000000000000017,0.030000000000000006,0
872.8999999999983,-0.03,0.02100000000000002,0.030000000000000006,5000
878.8999999999983,0.03,0.02100000000000002,0.030000000000000006,0
878.9199999999983,-0.03,0.02300000000000002,0.030000000000000006,5000
884.9199999999983,0.03,0.02300000000000002,0.030000000000000006,0
884.9399999999982,-0.03,0.025000000000000022,0.030000000000000006,5000
890.9399999999982,0.03,0.025000000000000022,0.030000000000000006,0
890.9599999999982,-0.03,0.027000000000000024,0.030000000000000006,5000
896.9599999999982,0.03,0.027000000000000024,0.030000000000000006,0
896.9799999999982,-0.03,0.029000000000000026,0.030000000000000006,5000
902.9799999999982,0.03,0.029000000000000026,0.030000000000000006,0
902.9999999999982,-0.03,-0.028999999999999998,0.03200000000000001,5000
908.9999999999982,0.03,-0.028999999999999998,0.03200000000000001,0
909.0199999999982,-0.03,-0.026999999999999996,0.03200000000000001,5000
915.0199999999982,0.03,-0.026999999999999996,0.03200000000000001,0
915.0399999999981,-0.03,-0.024999999999999994,0.03200000000000001,5000
921.0399999999981,0.03,-0.024999999999999994,0.03200000000000001,0
921.0599999999981,-0.03,-0.022999999999999993,0.03200000000000001,5000
927.0599999999981,0.03,-0.022999999999999993,0.03200000000000001,0
927.0799999999981,-0.03,-0.02099999999999999,0.03200000000000001,5000
933.0799999999981,0.03,-0.02099999999999999,0.03200000000000001,0
933.0999999999981,-0.03,-0.01899999999999999,0.03200000000000001,5000
939.0999999999981,0.03,-0.01899999999999999,0.03200000000000001,0
939.1199999999981,-0.03,-0.016999999999999987,0.03200000000000001,5000
945.1199999999981,0.03,-0.016999999999999987,0.03200000000000001,0
945.139999999998,-0.03,-0.014999999999999987,0.03200000000000001,5000
951.139999999998,0.03,-0.014999999999999987,0.03200000000000001,0
951.159999999998,-0.03,-0.012999999999999987,0.03200000000000001,5000
957.159999999998,0.03,-0.012999999999999987,0.03200000000000001,0
957.179999999998,-0.03,-0.010999999999999987,0.03200000000000001,5000
963.179999999998,0.03,-0.010999999999999987,0.03200000000000001,0
963.199999999998,-0.03,-0.008999999999999987,0.03200000000000001,5000
969.199999999998,0.03,-0.008999999999999987,0.03200000000000001,0
969.219999999998,-0.03,-0.006999999999999987,0.03200000000000001,5000
975.219999999998,0.03,-0.006999999999999987,0.03200000000000001,0
975.239999999998,-0.03,-0.004999999999999987,0.03200000000000001,5000
981.239999999998,0.03,-0.004999999999999987,0.03200000000000001,0
981.259999999998,-0.03,-0.002999999999999987,0.03200000000000001,5000
987.259999999998,0.03,-0.002999999999999987,0.03200000000000001,0
987.2799999999979,-0.03,-0.000999999999999987,0.03200000000000001,5000
993.2799999999979,0.03,-0.000999999999999987,0.03200000000000001,0
993.2999999999979,-0.03,0.001000000000000013,0.03200000000000001,5000
999.2999999999979,0.03,0.001000000000000013,0.03200000000000001,0
999.3199999999979,-0.03,0.003000000000000013,0.03200000000000001,5000
1005.3199999999979,0.03,0.003000000000000013,0.03200000000000001,0
1005.3399999999979,-0.03,0.005000000000000013,0.03200000000000001,5000
1011.3399999999979,0.03,0.005000000000000013,0.03200000000000001,0
1011.3599999999979,-0.03,0.007000000000000013,0.03200000000000001,5000
1017.3599999999979,0.03,0.007000000000000013,0.03200000000000001,0
1017.3799999999978,-0.03,0.009000000000000013,0.03200000000000001,5000
1023.3799999999978,0.03,0.009000000000000013,0.03200000000000001,0
1023.3999999999978,-0.03,0.011000000000000013,0.03200000000000001,5000
1029.3999999999978,0.03,0.011000000000000013,0.03200000000000001,0
1029.4199999999978,-0.03,0.013000000000000013,0.03200000000000001,5000
1035.4199999999978,0.03,0.013000000000000013,0.03200000000000001,0
1035.4399999999978,-0.03,0.015000000000000013,0.03200000000000001,5000
1041.4399999999978,0.03,0.015000000000000013,0.03200000000000001,0
1041.4599999999978,-0.03,0.017000000000000015,0.03200000000000001,5000
1047.4599999999978,0.03,0.017000000000000015,0.03200000000000001,0
1047.4799999999977,-0.03,0.019000000000000017,0.03200000000000001,5000
1053.4799999999977,0.03,0.019000000000000017,0.03200000000000001,0
1053.4999999999977,-0.03,0.02100000000000002,0.03200000000000001,5000
1059.4999999999977,0.03,0.02100000000000002,0.03200000000000001,0
1059.5199999999977,-0.03,0.02300000000000002,0.03200000000000001,5000
1065.5199999999977,0.03,0.02300000000000002,0.03200000000000001,0
1065.5399999999977,-0.03,0.025000000000000022,0.03200000000000001,5000
1071.5399999999977,0.03,0.025000000000000022,0.03200000000000001,0
1071.5599999999977,-0.03,0.027000000000000024,0.03200000000000001,5000
1077.5599999999977,0.03,0.027000000000000024,0.03200000000000001,0
1077.5799999999977,-0.03,0.029000000000000026,0.03200000000000001,5000
1083.5799999999977,0.03,0.029000000000000026,0.03200000000000001,0
